Supplemental results for CODEML (seqf: alignment.phy  treef: aa.ph)


Model 0: one-ratio

Model 3: discrete

MLEs of dN/dS (w) for site classes (K=3)

p:   0.67969  0.30310  0.01721
w:   0.00000  3.73073 16.72864

Naive Empirical Bayes (NEB) probabilities for 3 classes & postmean_w & P(w>1)
(amino acids refer to 1st sequence: PITG_12028T0)

   1 M   0.93255 0.06743 0.00003 ( 1)  0.252  0.067
   2 V   0.89473 0.10509 0.00018 ( 1)  0.395  0.105
   3 K   0.88946 0.11041 0.00013 ( 1)  0.414  0.111
   4 L   0.86379 0.13589 0.00032 ( 1)  0.512  0.136
   5 F   0.86392 0.13578 0.00029 ( 1)  0.511  0.136
   6 C   0.84935 0.15023 0.00042 ( 1)  0.568  0.151
   7 C   0.84935 0.15023 0.00042 ( 1)  0.568  0.151
   8 I   0.87239 0.12736 0.00024 ( 1)  0.479  0.128
   9 V   0.88504 0.11472 0.00024 ( 1)  0.432  0.115
  10 G   0.87403 0.12574 0.00022 ( 1)  0.473  0.126
  11 V   0.85850 0.14093 0.00057 ( 1)  0.535  0.141
  12 A   0.89462 0.10524 0.00014 ( 1)  0.395  0.105
  13 G   0.82627 0.17285 0.00087 ( 1)  0.659  0.174
  14 S   0.84865 0.15093 0.00042 ( 1)  0.570  0.151
  15 A   0.89462 0.10524 0.00014 ( 1)  0.395  0.105
  16 F   0.86392 0.13578 0.00029 ( 1)  0.511  0.136
  17 S   0.00000 0.96690 0.03310 ( 2)  4.161  1.000
  18 V   0.89473 0.10509 0.00018 ( 1)  0.395  0.105
  19 E   0.86311 0.13657 0.00032 ( 1)  0.515  0.137
  20 V   0.84397 0.15538 0.00065 ( 1)  0.591  0.156
  21 N   0.86760 0.13214 0.00025 ( 1)  0.497  0.132
  22 E   0.86311 0.13657 0.00032 ( 1)  0.515  0.137
  23 G   0.84574 0.15375 0.00051 ( 1)  0.582  0.154
  24 K   0.00000 0.98937 0.01063 ( 2)  3.869  1.000
  25 T   0.86549 0.13425 0.00026 ( 1)  0.505  0.135
  26 V   0.88684 0.11289 0.00027 ( 1)  0.426  0.113
  27 D   0.00000 0.99749 0.00251 ( 2)  3.763  1.000
  28 D   0.90434 0.09559 0.00007 ( 1)  0.358  0.096
  29 L   0.86080 0.13877 0.00044 ( 1)  0.525  0.139
  30 K   0.91226 0.08769 0.00005 ( 1)  0.328  0.088
  31 E   0.00000 0.98081 0.01919 ( 2)  3.980  1.000
  32 A   0.00000 0.98968 0.01032 ( 2)  3.865  1.000
  33 I   0.90246 0.09744 0.00010 ( 1)  0.365  0.098
  34 K   0.00000 0.98538 0.01462 ( 2)  3.921  1.000
  35 A   0.00000 0.97146 0.02854 ( 2)  4.102  1.000
  36 K   0.89442 0.10543 0.00016 ( 1)  0.396  0.106
  37 K   0.00000 0.99567 0.00433 ( 2)  3.787  1.000
  38 T   0.00000 0.97185 0.02814 ( 2)  4.097  1.000
  39 N   0.00000 0.93133 0.06867 ( 2)  4.623  1.000
  40 D   0.90434 0.09559 0.00007 ( 1)  0.358  0.096
  41 F   0.88671 0.11316 0.00013 ( 1)  0.424  0.113
  42 K   0.00000 0.95506 0.04494 ( 2)  4.315  1.000
  43 E   0.00000 0.98167 0.01833 ( 2)  3.969  1.000
  44 V   0.82149 0.17732 0.00118 ( 1)  0.681  0.179
  45 D   0.84138 0.15798 0.00065 ( 1)  0.600  0.159
  46 A   0.87036 0.12936 0.00028 ( 1)  0.487  0.130
  47 D   0.00000 0.98105 0.01895 ( 2)  3.977  1.000
  48 K   0.91226 0.08769 0.00005 ( 1)  0.328  0.088
  49 L   0.00000 0.97511 0.02489 ( 2)  4.054  1.000
  50 Q   0.86544 0.13431 0.00025 ( 1)  0.505  0.135
  51 L   0.85772 0.14193 0.00035 ( 1)  0.535  0.142
  52 F   0.88592 0.11389 0.00019 ( 1)  0.428  0.114
  53 L   0.85266 0.14689 0.00045 ( 1)  0.556  0.147
  54 A   0.91599 0.08396 0.00005 ( 1)  0.314  0.084
  55 K   0.91226 0.08769 0.00005 ( 1)  0.328  0.088
  56 K   0.00000 0.98538 0.01462 ( 2)  3.921  1.000
  57 -   0.75614 0.23884 0.00502 ( 1)  0.975  0.244
  58 G   0.88696 0.11290 0.00013 ( 1)  0.423  0.113
  59 D   0.00000 0.99652 0.00348 ( 2)  3.776  1.000
  60 A   0.90088 0.09903 0.00009 ( 1)  0.371  0.099
  61 W   0.84405 0.15547 0.00047 ( 1)  0.588  0.156
  62 L   0.84938 0.15016 0.00046 ( 1)  0.568  0.151
  63 R   0.00000 0.95098 0.04902 ( 2)  4.368  1.000
  64 D   0.00000 0.99471 0.00529 ( 2)  3.799  1.000
  65 N   0.00000 0.96124 0.03876 ( 2)  4.235  1.000
  66 E   0.00000 0.90823 0.09177 ( 2)  4.923  1.000
  67 D   0.00000 0.99634 0.00366 ( 2)  3.778  1.000
  68 -   0.76691 0.22869 0.00440 ( 1)  0.927  0.233
  69 L   0.00000 0.99006 0.00994 ( 2)  3.860  1.000
  70 D   0.00000 0.98798 0.01202 ( 2)  3.887  1.000
  71 T   0.00000 0.99637 0.00363 ( 2)  3.778  1.000
  72 L   0.85144 0.14770 0.00086 ( 1)  0.565  0.149
  73 L   0.00000 0.90050 0.09950 ( 2)  5.024  1.000
  74 Q   0.00000 0.99336 0.00664 ( 2)  3.817  1.000
  75 S   0.00000 0.99237 0.00763 ( 2)  3.830  1.000
  76 E   0.89595 0.10387 0.00019 ( 1)  0.391  0.104
  77 I   0.00000 0.98337 0.01663 ( 2)  3.947  1.000
  78 A   0.00000 0.97020 0.02980 ( 2)  4.118  1.000
  79 -   0.75636 0.23841 0.00523 ( 1)  0.977  0.244
  80 -   0.73377 0.25905 0.00719 ( 1)  1.087  0.266
  81 F   0.00000 0.98691 0.01309 ( 2)  3.901  1.000
  82 S   0.00000 0.89583 0.10417 ( 2)  5.085  1.000
  83 S   0.87218 0.12747 0.00035 ( 1)  0.481  0.128
  84 Y   0.00000 0.86266 0.13734 ( 2)  5.516  1.000
  85 L   0.00000 0.96954 0.03046 ( 2)  4.127  1.000
  86 H   0.00000 0.98279 0.01721 ( 2)  3.954  1.000
  87 M   0.00000 0.91653 0.08347 ( 2)  4.816  1.000
  88 R   0.00000 0.86175 0.13825 ( 2)  5.528  1.000
  89 A   0.00000 0.88034 0.11966 ( 2)  5.286  1.000
  90 S   0.00000 0.95760 0.04240 ( 2)  4.282  1.000
  91 W   0.00000 0.93828 0.06172 ( 2)  4.533  1.000
  92 K   0.00000 0.99567 0.00433 ( 2)  3.787  1.000
  93 L   0.00000 0.61600 0.38400 ( 2)  8.722  1.000
  94 S   0.00000 0.91467 0.08533 ( 2)  4.840  1.000
  95 K   0.00000 0.99767 0.00233 ( 2)  3.761  1.000
  96 P   0.88407 0.11579 0.00014 ( 1)  0.434  0.116
  97 T   0.00000 0.99340 0.00660 ( 2)  3.816  1.000
  98 -   0.74144 0.25234 0.00622 ( 1)  1.045  0.259
  99 -   0.76579 0.22963 0.00458 ( 1)  0.933  0.234
 100 L   0.00000 0.96814 0.03186 ( 2)  4.145  1.000
 101 F   0.00000 0.98711 0.01289 ( 2)  3.898  1.000
 102 G   0.00000 0.97725 0.02275 ( 2)  4.026  1.000
 103 P   0.00000 0.94321 0.05679 ( 2)  4.469  1.000
 104 D   0.00000 0.95764 0.04236 ( 2)  4.281  1.000
 105 V   0.00000 0.99588 0.00411 ( 2)  3.784  1.000
 106 S   0.00000 0.98761 0.01239 ( 2)  3.892  1.000
 107 L   0.00000 0.92340 0.07660 ( 2)  4.726  1.000
 108 G   0.00000 0.98963 0.01037 ( 2)  3.865  1.000
 109 E   0.00000 0.99677 0.00322 ( 2)  3.773  1.000
 110 G   0.00000 0.46831 0.53169 ( 3) 10.642  1.000
 111 V   0.00000 0.92373 0.07627 ( 2)  4.722  1.000
 112 V   0.00000 0.99685 0.00315 ( 2)  3.772  1.000
 113 H   0.86994 0.12984 0.00021 ( 1)  0.488  0.130
 114 V   0.91748 0.08246 0.00006 ( 1)  0.309  0.083
 115 L   0.84938 0.15016 0.00046 ( 1)  0.568  0.151
 116 V   0.91748 0.08246 0.00006 ( 1)  0.309  0.083
 117 V   0.91748 0.08246 0.00006 ( 1)  0.309  0.083
 118 V   0.00000 0.99627 0.00373 ( 2)  3.779  1.000
 119 P   0.88407 0.11579 0.00014 ( 1)  0.434  0.116
 120 V   0.91748 0.08246 0.00006 ( 1)  0.309  0.083
 121 G   0.89698 0.10293 0.00009 ( 1)  0.386  0.103
 122 A   0.90777 0.09216 0.00007 ( 1)  0.345  0.092
 123 G   0.84717 0.15236 0.00047 ( 1)  0.576  0.153
 124 V   0.90803 0.09187 0.00009 ( 1)  0.344  0.092
 125 G   0.86787 0.13189 0.00025 ( 1)  0.496  0.132
 126 V   0.86608 0.13359 0.00032 ( 1)  0.504  0.134
 127 G   0.84717 0.15236 0.00047 ( 1)  0.576  0.153
 128 Q   0.82733 0.17190 0.00077 ( 1)  0.654  0.173
 129 D   0.90434 0.09559 0.00007 ( 1)  0.358  0.096
 130 V   0.87950 0.12028 0.00023 ( 1)  0.452  0.121
 131 S   0.87088 0.12892 0.00020 ( 1)  0.484  0.129
 132 M   0.95717 0.04282 0.00000 ( 1)  0.160  0.043
 133 D   0.93182 0.06816 0.00002 ( 1)  0.255  0.068
 134 V   0.91450 0.08544 0.00006 ( 1)  0.320  0.086
 135 P   0.89045 0.10944 0.00011 ( 1)  0.410  0.110
 136 A   0.91412 0.08583 0.00005 ( 1)  0.321  0.086
 137 A   0.91412 0.08583 0.00005 ( 1)  0.321  0.086
 138 V   0.87249 0.12726 0.00025 ( 1)  0.479  0.128
 139 P   0.00000 0.99550 0.00450 ( 2)  3.789  1.000
 140 M   0.95717 0.04282 0.00000 ( 1)  0.160  0.043
 141 G   0.90337 0.09657 0.00007 ( 1)  0.361  0.097
 142 P   0.85168 0.14793 0.00038 ( 1)  0.558  0.148
 143 N   0.00000 0.99556 0.00443 ( 2)  3.788  1.000
 144 V   0.92381 0.07615 0.00004 ( 1)  0.285  0.076
 145 N   0.92041 0.07956 0.00003 ( 1)  0.297  0.080
 146 L   0.85550 0.14413 0.00037 ( 1)  0.544  0.145
 147 S   0.88207 0.11779 0.00014 ( 1)  0.442  0.118
 148 S   0.87785 0.12198 0.00017 ( 1)  0.458  0.122
 149 C   0.87792 0.12193 0.00015 ( 1)  0.457  0.122
 150 E   0.89232 0.10758 0.00010 ( 1)  0.403  0.108
 151 D   0.93182 0.06816 0.00002 ( 1)  0.255  0.068
 152 L   0.86393 0.13579 0.00028 ( 1)  0.511  0.136
 153 L   0.86393 0.13579 0.00028 ( 1)  0.511  0.136
 154 A   0.88734 0.11252 0.00014 ( 1)  0.422  0.113
 155 F   0.91645 0.08352 0.00004 ( 1)  0.312  0.084
 156 L   0.87384 0.12596 0.00020 ( 1)  0.473  0.126
 157 E   0.89232 0.10758 0.00010 ( 1)  0.403  0.108
 158 N   0.89683 0.10309 0.00008 ( 1)  0.386  0.103
 159 D   0.91067 0.08928 0.00005 ( 1)  0.334  0.089
 160 M   0.95717 0.04282 0.00000 ( 1)  0.160  0.043
 161 I   0.92645 0.07352 0.00003 ( 1)  0.275  0.074
 162 N   0.89683 0.10309 0.00008 ( 1)  0.386  0.103
 163 K   0.91850 0.08147 0.00003 ( 1)  0.304  0.081
 164 E   0.89232 0.10758 0.00010 ( 1)  0.403  0.108
 165 A   0.88238 0.11744 0.00018 ( 1)  0.441  0.118
 166 I   0.90172 0.09820 0.00007 ( 1)  0.368  0.098
 167 V   0.00000 0.99695 0.00305 ( 2)  3.770  1.000
 168 S   0.81855 0.18043 0.00102 ( 1)  0.690  0.181
 169 R   0.00000 0.99214 0.00785 ( 2)  3.833  1.000
 170 P   0.88052 0.11933 0.00015 ( 1)  0.448  0.119
 171 H   0.87615 0.12367 0.00018 ( 1)  0.464  0.124
 172 I   0.92645 0.07352 0.00003 ( 1)  0.275  0.074
 173 L   0.82901 0.17024 0.00075 ( 1)  0.648  0.171
 174 G   0.00000 0.95247 0.04753 ( 2)  4.349  1.000
 175 A   0.00000 0.96408 0.03592 ( 2)  4.198  1.000
 176 D   0.91067 0.08928 0.00005 ( 1)  0.334  0.089
 177 K   0.00000 0.82261 0.17739 ( 2)  6.036  1.000
 178 L   0.80452 0.19340 0.00209 ( 1)  0.756  0.195
 179 Q   0.87170 0.12810 0.00020 ( 1)  0.481  0.128
 180 F   0.91645 0.08352 0.00004 ( 1)  0.312  0.084
 181 R   0.00000 0.46725 0.53275 ( 3) 10.655  1.000
 182 L   0.87384 0.12596 0.00020 ( 1)  0.473  0.126
 183 V   0.91450 0.08544 0.00006 ( 1)  0.320  0.086
 184 G   0.85322 0.14640 0.00038 ( 1)  0.553  0.147
 185 R   0.90388 0.09607 0.00006 ( 1)  0.359  0.096
 186 E   0.89232 0.10758 0.00010 ( 1)  0.403  0.108
 187 K   0.00000 0.99825 0.00174 ( 2)  3.753  1.000
 188 A   0.00000 0.99799 0.00201 ( 2)  3.757  1.000
 189 L   0.89303 0.10687 0.00010 ( 1)  0.400  0.107
 190 M   0.00001 0.99953 0.00046 ( 2)  3.737  1.000
 191 K   0.00000 0.99778 0.00222 ( 2)  3.760  1.000
 192 T   0.00000 0.99021 0.00979 ( 2)  3.858  1.000
 193 A   0.92352 0.07644 0.00003 ( 1)  0.286  0.076
 194 K   0.00000 0.99825 0.00174 ( 2)  3.753  1.000
 195 C   0.85161 0.14802 0.00037 ( 1)  0.558  0.148
 196 F   0.89309 0.10682 0.00009 ( 1)  0.400  0.107
 197 L   0.00000 0.94909 0.05091 ( 2)  4.392  1.000
 198 N   0.92041 0.07956 0.00003 ( 1)  0.297  0.080
 199 I   0.90172 0.09820 0.00007 ( 1)  0.368  0.098
 200 I   0.90172 0.09820 0.00007 ( 1)  0.368  0.098
 201 A   0.92352 0.07644 0.00003 ( 1)  0.286  0.076
 202 R   0.86573 0.13403 0.00024 ( 1)  0.504  0.134
 203 S   0.90257 0.09737 0.00006 ( 1)  0.364  0.097
 204 G   0.87418 0.12563 0.00019 ( 1)  0.472  0.126
 205 T   0.90102 0.09891 0.00007 ( 1)  0.370  0.099
 206 A   0.88461 0.11523 0.00016 ( 1)  0.433  0.115
 207 S   0.00000 0.09018 0.90982 ( 3) 15.556  1.000
 208 T   0.85824 0.14144 0.00031 ( 1)  0.533  0.142
 209 D   0.93182 0.06816 0.00002 ( 1)  0.255  0.068
 210 R   0.83765 0.16178 0.00057 ( 1)  0.613  0.162
 211 T   0.91083 0.08913 0.00004 ( 1)  0.333  0.089
 212 E   0.00000 0.96704 0.03296 ( 2)  4.159  1.000
 213 Q   0.87170 0.12810 0.00020 ( 1)  0.481  0.128
 214 V   0.91450 0.08544 0.00006 ( 1)  0.320  0.086
 215 V   0.92381 0.07615 0.00004 ( 1)  0.285  0.076
 216 P   0.00000 0.99434 0.00566 ( 2)  3.804  1.000
 217 V   0.91450 0.08544 0.00006 ( 1)  0.320  0.086
 218 C   0.85161 0.14802 0.00037 ( 1)  0.558  0.148
 219 S   0.88207 0.11779 0.00014 ( 1)  0.442  0.118
 220 G   0.87418 0.12563 0.00019 ( 1)  0.472  0.126
 221 I   0.92645 0.07352 0.00003 ( 1)  0.275  0.074
 222 S   0.88207 0.11779 0.00014 ( 1)  0.442  0.118
 223 G   0.89581 0.10410 0.00009 ( 1)  0.390  0.104
 224 L   0.87384 0.12596 0.00020 ( 1)  0.473  0.126
 225 G   0.85322 0.14640 0.00038 ( 1)  0.553  0.147
 226 K   0.87633 0.12350 0.00017 ( 1)  0.464  0.124
 227 T   0.91083 0.08913 0.00004 ( 1)  0.333  0.089
 228 R   0.86573 0.13403 0.00024 ( 1)  0.504  0.134
 229 M   0.95717 0.04282 0.00000 ( 1)  0.160  0.043
 230 L   0.86393 0.13579 0.00028 ( 1)  0.511  0.136
 231 E   0.89232 0.10758 0.00010 ( 1)  0.403  0.108
 232 E   0.89232 0.10758 0.00010 ( 1)  0.403  0.108
 233 G   0.90337 0.09657 0.00007 ( 1)  0.361  0.097
 234 G   0.87418 0.12563 0.00019 ( 1)  0.472  0.126
 235 T   0.85824 0.14144 0.00031 ( 1)  0.533  0.142
 236 I   0.92645 0.07352 0.00003 ( 1)  0.275  0.074
 237 L   0.87384 0.12596 0.00020 ( 1)  0.473  0.126
 238 H   0.00000 0.81774 0.18226 ( 2)  6.100  1.000
 239 A   0.00000 0.90775 0.09225 ( 2)  4.930  1.000
 240 M   0.95717 0.04282 0.00000 ( 1)  0.160  0.043
 241 G   0.91308 0.08688 0.00004 ( 1)  0.325  0.087
 242 L   0.85550 0.14413 0.00037 ( 1)  0.544  0.145
 243 D   0.92777 0.07219 0.00004 ( 1)  0.270  0.072
 244 P   0.87793 0.12191 0.00016 ( 1)  0.458  0.122
 245 D   0.93182 0.06816 0.00002 ( 1)  0.255  0.068
 246 H   0.00000 0.99320 0.00680 ( 2)  3.819  1.000
 247 V   0.91450 0.08544 0.00006 ( 1)  0.320  0.086
 248 V   0.00000 0.97437 0.02563 ( 2)  4.064  1.000
 249 R   0.86573 0.13403 0.00024 ( 1)  0.504  0.134
 250 V   0.92381 0.07615 0.00004 ( 1)  0.285  0.076
 251 I   0.92645 0.07352 0.00003 ( 1)  0.275  0.074
 252 V   0.91450 0.08544 0.00006 ( 1)  0.320  0.086
 253 P   0.83869 0.16074 0.00057 ( 1)  0.609  0.161
 254 Y   0.85086 0.14873 0.00041 ( 1)  0.562  0.149
 255 Y   0.00000 0.99274 0.00726 ( 2)  3.825  1.000
 256 N   0.89683 0.10309 0.00008 ( 1)  0.386  0.103
 257 G   0.87418 0.12563 0.00019 ( 1)  0.472  0.126
 258 F   0.91645 0.08352 0.00004 ( 1)  0.312  0.084
 259 S   0.90257 0.09737 0.00006 ( 1)  0.364  0.097
 260 P   0.85168 0.14793 0.00038 ( 1)  0.558  0.148
 261 Q   0.83294 0.16641 0.00065 ( 1)  0.632  0.167
 262 P   0.89045 0.10944 0.00011 ( 1)  0.410  0.110
 263 V   0.88602 0.11381 0.00017 ( 1)  0.427  0.114
 264 E   0.93039 0.06958 0.00002 ( 1)  0.260  0.070
 265 E   0.00000 0.99537 0.00463 ( 2)  3.791  1.000
 266 T   0.91083 0.08913 0.00004 ( 1)  0.333  0.089
 267 M   0.95717 0.04282 0.00000 ( 1)  0.160  0.043
 268 P   0.89045 0.10944 0.00011 ( 1)  0.410  0.110
 269 I   0.90172 0.09820 0.00007 ( 1)  0.368  0.098
 270 A   0.00000 0.99760 0.00240 ( 2)  3.762  1.000
 271 A   0.87163 0.12814 0.00023 ( 1)  0.482  0.128
 272 S   0.00000 0.97591 0.02409 ( 2)  4.044  1.000
 273 F   0.91645 0.08352 0.00004 ( 1)  0.312  0.084
 274 S   0.87785 0.12198 0.00017 ( 1)  0.458  0.122
 275 W   0.85000 0.14961 0.00039 ( 1)  0.565  0.150
 276 R   0.86372 0.13602 0.00026 ( 1)  0.512  0.136
 277 L   0.86393 0.13579 0.00028 ( 1)  0.511  0.136
 278 L   0.87384 0.12596 0.00020 ( 1)  0.473  0.126
 279 Y   0.87959 0.12025 0.00016 ( 1)  0.451  0.120
 280 R   0.78778 0.21010 0.00212 ( 1)  0.819  0.212
 281 F   0.91645 0.08352 0.00004 ( 1)  0.312  0.084
 282 F   0.89309 0.10682 0.00009 ( 1)  0.400  0.107
 283 L   0.86393 0.13579 0.00028 ( 1)  0.511  0.136
 284 D   0.91067 0.08928 0.00005 ( 1)  0.334  0.089
 285 N   0.00000 0.97965 0.02035 ( 2)  3.995  1.000
 286 N   0.92041 0.07956 0.00003 ( 1)  0.297  0.080
 287 C   0.87792 0.12193 0.00015 ( 1)  0.457  0.122
 288 A   0.92352 0.07644 0.00003 ( 1)  0.286  0.076
 289 L   0.89303 0.10687 0.00010 ( 1)  0.400  0.107
 290 A   0.00000 0.99200 0.00800 ( 2)  3.835  1.000
 291 F   0.91645 0.08352 0.00004 ( 1)  0.312  0.084
 292 E   0.00000 0.98519 0.01481 ( 2)  3.923  1.000
 293 E   0.00000 0.99162 0.00838 ( 2)  3.840  1.000
 294 W   0.85000 0.14961 0.00039 ( 1)  0.565  0.150
 295 F   0.91645 0.08352 0.00004 ( 1)  0.312  0.084
 296 N   0.00000 0.98834 0.01166 ( 2)  3.882  1.000
 297 S   0.00000 0.79608 0.20392 ( 2)  6.381  1.000
 298 R   0.78778 0.21010 0.00212 ( 1)  0.819  0.212
 299 L   0.80826 0.19042 0.00133 ( 1)  0.733  0.192
 300 P   0.88052 0.11933 0.00015 ( 1)  0.448  0.119
 301 R   0.81199 0.18685 0.00116 ( 1)  0.716  0.188
 302 N   0.92041 0.07956 0.00003 ( 1)  0.297  0.080
 303 G   0.85322 0.14640 0.00038 ( 1)  0.553  0.147
 304 G   0.90337 0.09657 0.00007 ( 1)  0.361  0.097
 305 R   0.86372 0.13602 0.00026 ( 1)  0.512  0.136
 306 L   0.87384 0.12596 0.00020 ( 1)  0.473  0.126
 307 T   0.00000 0.94777 0.05223 ( 2)  4.410  1.000
 308 L   0.87384 0.12596 0.00020 ( 1)  0.473  0.126
 309 S   0.90257 0.09737 0.00006 ( 1)  0.364  0.097
 310 N   0.00000 0.99849 0.00150 ( 2)  3.750  1.000
 311 A   0.00000 0.99412 0.00587 ( 2)  3.807  1.000
 312 I   0.90172 0.09820 0.00007 ( 1)  0.368  0.098
 313 K   0.00000 0.99440 0.00560 ( 2)  3.803  1.000
 314 V   0.88602 0.11381 0.00017 ( 1)  0.427  0.114
 315 I   0.90172 0.09820 0.00007 ( 1)  0.368  0.098
 316 D   0.00000 0.99864 0.00136 ( 2)  3.748  1.000
 317 R   0.00000 0.98415 0.01585 ( 2)  3.937  1.000
 318 K   0.91850 0.08147 0.00003 ( 1)  0.304  0.081
 319 L   0.00000 0.98756 0.01244 ( 2)  3.892  1.000
 320 R   0.86573 0.13403 0.00024 ( 1)  0.504  0.134
 321 R   0.86372 0.13602 0.00026 ( 1)  0.512  0.136
 322 P   0.83869 0.16074 0.00057 ( 1)  0.609  0.161
 323 V   0.92381 0.07615 0.00004 ( 1)  0.285  0.076
 324 H   0.90044 0.09949 0.00007 ( 1)  0.372  0.100
 325 G   0.87418 0.12563 0.00019 ( 1)  0.472  0.126
 326 K   0.87633 0.12350 0.00017 ( 1)  0.464  0.124
 327 E   0.93039 0.06958 0.00002 ( 1)  0.260  0.070
 328 K   0.91850 0.08147 0.00003 ( 1)  0.304  0.081
 329 L   0.85550 0.14413 0.00037 ( 1)  0.544  0.145
 330 Y   0.85086 0.14873 0.00041 ( 1)  0.562  0.149
 331 L   0.86393 0.13579 0.00028 ( 1)  0.511  0.136
 332 F   0.91645 0.08352 0.00004 ( 1)  0.312  0.084
 333 V   0.91450 0.08544 0.00006 ( 1)  0.320  0.086
 334 G   0.87418 0.12563 0.00019 ( 1)  0.472  0.126
 335 V   0.88602 0.11381 0.00017 ( 1)  0.427  0.114
 336 D   0.93182 0.06816 0.00002 ( 1)  0.255  0.068
 337 E   0.89232 0.10758 0.00010 ( 1)  0.403  0.108
 338 Y   0.87959 0.12025 0.00016 ( 1)  0.451  0.120
 339 Q   0.87170 0.12810 0.00020 ( 1)  0.481  0.128
 340 K   0.91850 0.08147 0.00003 ( 1)  0.304  0.081
 341 I   0.92645 0.07352 0.00003 ( 1)  0.275  0.074
 342 E   0.89232 0.10758 0.00010 ( 1)  0.403  0.108
 343 K   0.00000 0.96679 0.03321 ( 2)  4.162  1.000
 344 V   0.87249 0.12726 0.00025 ( 1)  0.479  0.128
 345 N   0.00000 0.99245 0.00755 ( 2)  3.829  1.000
 346 A   0.91412 0.08583 0.00005 ( 1)  0.321  0.086
 347 P   0.88052 0.11933 0.00015 ( 1)  0.448  0.119
 348 R   0.78778 0.21010 0.00212 ( 1)  0.819  0.212
 349 S   0.90257 0.09737 0.00006 ( 1)  0.364  0.097
 350 D   0.91067 0.08928 0.00005 ( 1)  0.334  0.089
 351 P   0.85168 0.14793 0.00038 ( 1)  0.558  0.148
 352 D   0.91067 0.08928 0.00005 ( 1)  0.334  0.089
 353 S   0.00000 0.97127 0.02873 ( 2)  4.104  1.000
 354 S   0.81855 0.18043 0.00102 ( 1)  0.690  0.181
 355 L   0.86393 0.13579 0.00028 ( 1)  0.511  0.136
 356 L   0.00000 0.99235 0.00764 ( 2)  3.830  1.000
 357 R   0.00000 0.99192 0.00808 ( 2)  3.836  1.000
 358 E   0.89780 0.10210 0.00010 ( 1)  0.383  0.102
 359 L   0.80826 0.19042 0.00133 ( 1)  0.733  0.192
 360 V   0.92381 0.07615 0.00004 ( 1)  0.285  0.076
 361 Q   0.00000 0.93315 0.06685 ( 2)  4.600  1.000
 362 A   0.88531 0.11455 0.00015 ( 1)  0.430  0.115
 363 I   0.91827 0.08170 0.00003 ( 1)  0.305  0.082
 364 V   0.00000 0.98587 0.01413 ( 2)  3.914  1.000
 365 L   0.00000 0.73332 0.26668 ( 2)  7.197  1.000
 366 Y   0.00000 0.94490 0.05510 ( 2)  4.447  1.000
 367 L   0.87384 0.12596 0.00020 ( 1)  0.473  0.126
 368 C   0.85161 0.14802 0.00037 ( 1)  0.558  0.148
 369 T   0.91083 0.08913 0.00004 ( 1)  0.333  0.089
 370 K   0.91850 0.08147 0.00003 ( 1)  0.304  0.081
 371 S   0.87785 0.12198 0.00017 ( 1)  0.458  0.122
 372 S   0.87785 0.12198 0.00017 ( 1)  0.458  0.122
 373 N   0.92041 0.07956 0.00003 ( 1)  0.297  0.080
 374 L   0.85550 0.14413 0.00037 ( 1)  0.544  0.145
 375 V   0.91450 0.08544 0.00006 ( 1)  0.320  0.086
 376 V   0.92381 0.07615 0.00004 ( 1)  0.285  0.076
 377 L   0.80826 0.19042 0.00133 ( 1)  0.733  0.192
 378 P   0.85233 0.14729 0.00038 ( 1)  0.556  0.148
 379 M   0.95717 0.04282 0.00000 ( 1)  0.160  0.043
 380 F   0.91645 0.08352 0.00004 ( 1)  0.312  0.084
 381 A   0.87550 0.12429 0.00021 ( 1)  0.467  0.125
 382 G   0.91308 0.08688 0.00004 ( 1)  0.325  0.087
 383 T   0.85824 0.14144 0.00031 ( 1)  0.533  0.142
 384 D   0.93182 0.06816 0.00002 ( 1)  0.255  0.068
 385 L   0.87384 0.12596 0.00020 ( 1)  0.473  0.126
 386 D   0.00000 0.98394 0.01606 ( 2)  3.940  1.000
 387 V   0.92381 0.07615 0.00004 ( 1)  0.285  0.076
 388 I   0.92645 0.07352 0.00003 ( 1)  0.275  0.074
 389 A   0.85050 0.14904 0.00046 ( 1)  0.564  0.149
 390 S   0.83302 0.16618 0.00081 ( 1)  0.633  0.167
 391 G   0.00000 0.91877 0.08123 ( 2)  4.787  1.000
 392 S   0.78293 0.21452 0.00255 ( 1)  0.843  0.217
 393 I   0.88004 0.11971 0.00025 ( 1)  0.451  0.120
 394 A   0.89881 0.10106 0.00013 ( 1)  0.379  0.101
 395 N   0.92041 0.07956 0.00003 ( 1)  0.297  0.080
 396 S   0.85318 0.14645 0.00037 ( 1)  0.553  0.147
 397 S   0.00000 0.95712 0.04288 ( 2)  4.288  1.000
 398 F   0.00000 0.63226 0.36774 ( 2)  8.511  1.000
 399 Y   0.87959 0.12025 0.00016 ( 1)  0.451  0.120
 400 V   0.92381 0.07615 0.00004 ( 1)  0.285  0.076
 401 T   0.91083 0.08913 0.00004 ( 1)  0.333  0.089
 402 E   0.93039 0.06958 0.00002 ( 1)  0.260  0.070
 403 R   0.86372 0.13602 0.00026 ( 1)  0.512  0.136
 404 L   0.89303 0.10687 0.00010 ( 1)  0.400  0.107
 405 P   0.85168 0.14793 0.00038 ( 1)  0.558  0.148
 406 M   0.00000 0.99786 0.00214 ( 2)  3.759  1.000
 407 T   0.90102 0.09891 0.00007 ( 1)  0.370  0.099
 408 L   0.86393 0.13579 0.00028 ( 1)  0.511  0.136
 409 L   0.87384 0.12596 0.00020 ( 1)  0.473  0.126
 410 T   0.87178 0.12802 0.00020 ( 1)  0.481  0.128
 411 L   0.87384 0.12596 0.00020 ( 1)  0.473  0.126
 412 D   0.93182 0.06816 0.00002 ( 1)  0.255  0.068
 413 Q   0.83294 0.16641 0.00065 ( 1)  0.632  0.167
 414 V   0.90387 0.09602 0.00011 ( 1)  0.360  0.096
 415 F   0.89309 0.10682 0.00009 ( 1)  0.400  0.107
 416 T   0.87178 0.12802 0.00020 ( 1)  0.481  0.128
 417 F   0.91645 0.08352 0.00004 ( 1)  0.312  0.084
 418 V   0.92381 0.07615 0.00004 ( 1)  0.285  0.076
 419 E   0.93039 0.06958 0.00002 ( 1)  0.260  0.070
 420 N   0.00000 0.99655 0.00344 ( 2)  3.775  1.000
 421 G   0.00000 0.85889 0.14111 ( 2)  5.565  1.000
 422 T   0.00000 0.99063 0.00937 ( 2)  3.852  1.000
 423 D   0.93182 0.06816 0.00002 ( 1)  0.255  0.068
 424 F   0.91645 0.08352 0.00004 ( 1)  0.312  0.084
 425 A   0.90348 0.09644 0.00008 ( 1)  0.361  0.097
 426 G   0.00000 0.99267 0.00733 ( 2)  3.826  1.000
 427 L   0.86393 0.13579 0.00028 ( 1)  0.511  0.136
 428 L   0.85550 0.14413 0.00037 ( 1)  0.544  0.145
 429 R   0.78778 0.21010 0.00212 ( 1)  0.819  0.212
 430 Q   0.87170 0.12810 0.00020 ( 1)  0.481  0.128
 431 S   0.00000 0.99429 0.00571 ( 2)  3.805  1.000
 432 H   0.00000 0.94692 0.05308 ( 2)  4.421  1.000
 433 I   0.00000 0.95729 0.04271 ( 2)  4.286  1.000
 434 R   0.86573 0.13403 0.00024 ( 1)  0.504  0.134
 435 R   0.83765 0.16178 0.00057 ( 1)  0.613  0.162
 436 Y   0.00000 0.99484 0.00516 ( 2)  3.798  1.000
 437 L   0.87384 0.12596 0.00020 ( 1)  0.473  0.126
 438 F   0.00000 0.98767 0.01233 ( 2)  3.891  1.000
 439 M   0.95717 0.04282 0.00000 ( 1)  0.160  0.043
 440 L   0.89303 0.10687 0.00010 ( 1)  0.400  0.107
 441 G   0.85322 0.14640 0.00038 ( 1)  0.553  0.147
 442 G   0.90337 0.09657 0.00007 ( 1)  0.361  0.097
 443 V   0.92381 0.07615 0.00004 ( 1)  0.285  0.076
 444 P   0.83869 0.16074 0.00057 ( 1)  0.609  0.161
 445 R   0.78778 0.21010 0.00212 ( 1)  0.819  0.212
 446 W   0.85000 0.14961 0.00039 ( 1)  0.565  0.150
 447 V   0.91450 0.08544 0.00006 ( 1)  0.320  0.086
 448 V   0.88602 0.11381 0.00017 ( 1)  0.427  0.114
 449 E   0.89232 0.10758 0.00010 ( 1)  0.403  0.108
 450 Y   0.85086 0.14873 0.00041 ( 1)  0.562  0.149
 451 L   0.85550 0.14413 0.00037 ( 1)  0.544  0.145
 452 L   0.87384 0.12596 0.00020 ( 1)  0.473  0.126
 453 K   0.00000 0.99440 0.00560 ( 2)  3.803  1.000
 454 L   0.85550 0.14413 0.00037 ( 1)  0.544  0.145
 455 R   0.90388 0.09607 0.00006 ( 1)  0.359  0.096
 456 S   0.87716 0.12268 0.00015 ( 1)  0.460  0.123
 457 C   0.00000 0.98805 0.01195 ( 2)  3.886  1.000
 458 S   0.00000 0.96937 0.03063 ( 2)  4.129  1.000
 459 Q   0.83294 0.16641 0.00065 ( 1)  0.632  0.167
 460 G   0.85322 0.14640 0.00038 ( 1)  0.553  0.147
 461 D   0.00000 0.98968 0.01032 ( 2)  3.865  1.000
 462 V   0.88602 0.11381 0.00017 ( 1)  0.427  0.114
 463 V   0.92381 0.07615 0.00004 ( 1)  0.285  0.076
 464 S   0.81855 0.18043 0.00102 ( 1)  0.690  0.181
 465 L   0.85688 0.14230 0.00081 ( 1)  0.545  0.143
 466 E   0.00000 0.99444 0.00555 ( 2)  3.803  1.000
 467 N   0.00000 0.99333 0.00667 ( 2)  3.817  1.000
 468 I   0.00000 0.99048 0.00952 ( 2)  3.854  1.000
 469 N   0.89683 0.10309 0.00008 ( 1)  0.386  0.103
 470 K   0.00000 0.98412 0.01588 ( 2)  3.937  1.000
 471 C   0.87792 0.12193 0.00015 ( 1)  0.457  0.122
 472 F   0.00000 0.98058 0.01942 ( 2)  3.983  1.000
 473 F   0.00000 0.44311 0.55689 ( 3) 10.969  1.000
 474 K   0.00000 0.43581 0.56419 ( 3) 11.064  1.000
 475 V   0.88602 0.11381 0.00017 ( 1)  0.427  0.114
 476 W   0.85000 0.14961 0.00039 ( 1)  0.565  0.150
 477 T   0.85824 0.14144 0.00031 ( 1)  0.533  0.142
 478 S   0.00000 0.98976 0.01024 ( 2)  3.864  1.000
 479 F   0.89309 0.10682 0.00009 ( 1)  0.400  0.107
 480 V   0.92381 0.07615 0.00004 ( 1)  0.285  0.076
 481 Y   0.00000 0.98064 0.01936 ( 2)  3.982  1.000
 482 P   0.00000 0.40175 0.59825 ( 3) 11.507  1.000
 483 Y   0.85086 0.14873 0.00041 ( 1)  0.562  0.149
 484 L   0.87384 0.12596 0.00020 ( 1)  0.473  0.126
 485 S   0.00000 0.85752 0.14248 ( 2)  5.583  1.000
 486 S   0.81855 0.18043 0.00102 ( 1)  0.690  0.181
 487 P   0.85168 0.14793 0.00038 ( 1)  0.558  0.148
 488 L   0.82901 0.17024 0.00075 ( 1)  0.648  0.171
 489 V   0.87249 0.12726 0.00025 ( 1)  0.479  0.128
 490 D   0.93182 0.06816 0.00002 ( 1)  0.255  0.068
 491 L   0.89303 0.10687 0.00010 ( 1)  0.400  0.107
 492 S   0.00000 0.19382 0.80618 ( 3) 14.209  1.000
 493 T   0.91083 0.08913 0.00004 ( 1)  0.333  0.089
 494 L   0.86393 0.13579 0.00028 ( 1)  0.511  0.136
 495 V   0.91450 0.08544 0.00006 ( 1)  0.320  0.086
 496 R   0.83765 0.16178 0.00057 ( 1)  0.613  0.162
 497 L   0.87384 0.12596 0.00020 ( 1)  0.473  0.126
 498 A   0.92352 0.07644 0.00003 ( 1)  0.286  0.076
 499 A   0.88531 0.11455 0.00015 ( 1)  0.430  0.115
 500 F   0.91645 0.08352 0.00004 ( 1)  0.312  0.084
 501 A   0.91317 0.08678 0.00005 ( 1)  0.325  0.087
 502 V   0.87249 0.12726 0.00025 ( 1)  0.479  0.128
 503 S   0.87785 0.12198 0.00017 ( 1)  0.458  0.122
 504 G   0.87418 0.12563 0.00019 ( 1)  0.472  0.126
 505 L   0.00000 0.34220 0.65780 ( 3) 12.281  1.000
 506 T   0.00000 0.99806 0.00194 ( 2)  3.756  1.000
 507 V   0.91450 0.08544 0.00006 ( 1)  0.320  0.086
 508 N   0.00000 0.91533 0.08467 ( 2)  4.831  1.000
 509 P   0.83869 0.16074 0.00057 ( 1)  0.609  0.161
 510 I   0.00000 0.99628 0.00372 ( 2)  3.779  1.000
 511 N   0.00000 0.91441 0.08559 ( 2)  4.843  1.000
 512 T   0.90921 0.09074 0.00005 ( 1)  0.339  0.091
 513 I   0.92645 0.07352 0.00003 ( 1)  0.275  0.074
 514 D   0.93182 0.06816 0.00002 ( 1)  0.255  0.068
 515 G   0.87418 0.12563 0.00019 ( 1)  0.472  0.126
 516 R   0.83765 0.16178 0.00057 ( 1)  0.613  0.162
 517 L   0.87384 0.12596 0.00020 ( 1)  0.473  0.126
 518 K   0.00000 0.99382 0.00618 ( 2)  3.811  1.000
 519 W   0.85000 0.14961 0.00039 ( 1)  0.565  0.150
 520 S   0.81855 0.18043 0.00102 ( 1)  0.690  0.181
 521 R   0.86926 0.13040 0.00034 ( 1)  0.492  0.131
 522 L   0.00000 0.99590 0.00409 ( 2)  3.784  1.000
 523 R   0.76633 0.21767 0.01599 ( 1)  1.080  0.234
 524 D   0.93182 0.06816 0.00002 ( 1)  0.255  0.068
 525 S   0.88207 0.11779 0.00014 ( 1)  0.442  0.118
 526 S   0.87785 0.12198 0.00017 ( 1)  0.458  0.122
 527 L   0.80826 0.19042 0.00133 ( 1)  0.733  0.192
 528 C   0.87792 0.12193 0.00015 ( 1)  0.457  0.122
 529 L   0.87087 0.12887 0.00027 ( 1)  0.485  0.129
 530 L   0.86393 0.13579 0.00028 ( 1)  0.511  0.136
 531 S   0.90257 0.09737 0.00006 ( 1)  0.364  0.097
 532 P   0.89045 0.10944 0.00011 ( 1)  0.410  0.110
 533 R   0.83765 0.16178 0.00057 ( 1)  0.613  0.162
 534 E   0.00000 0.89823 0.10177 ( 2)  5.053  1.000
 535 S   0.85318 0.14645 0.00037 ( 1)  0.553  0.147
 536 T   0.00000 0.92025 0.07975 ( 2)  4.767  1.000
 537 T   0.00000 0.98976 0.01024 ( 2)  3.864  1.000
 538 C   0.87792 0.12193 0.00015 ( 1)  0.457  0.122
 539 -   0.67969 0.30310 0.01721 ( 1)  1.419  0.320
 540 -   0.67969 0.30310 0.01721 ( 1)  1.419  0.320
 541 -   0.67969 0.30310 0.01721 ( 1)  1.419  0.320
 542 D   0.93182 0.06816 0.00002 ( 1)  0.255  0.068
 543 V   0.91450 0.08544 0.00006 ( 1)  0.320  0.086
 544 R   0.78778 0.21010 0.00212 ( 1)  0.819  0.212
 545 V   0.00000 0.99671 0.00329 ( 2)  3.773  1.000
 546 P   0.89045 0.10944 0.00011 ( 1)  0.410  0.110
 547 Y   0.87959 0.12025 0.00016 ( 1)  0.451  0.120
 548 T   0.00000 0.91394 0.08606 ( 2)  4.849  1.000
 549 L   0.87087 0.12887 0.00027 ( 1)  0.485  0.129
 550 L   0.87384 0.12596 0.00020 ( 1)  0.473  0.126
 551 I   0.00000 0.01712 0.98288 ( 3) 16.506  1.000
 552 N   0.92041 0.07956 0.00003 ( 1)  0.297  0.080
 553 I   0.92645 0.07352 0.00003 ( 1)  0.275  0.074
 554 G   0.85322 0.14640 0.00038 ( 1)  0.553  0.147
 555 S   0.00000 0.98904 0.01096 ( 2)  3.873  1.000
 556 T   0.85824 0.14144 0.00031 ( 1)  0.533  0.142
 557 K   0.91850 0.08147 0.00003 ( 1)  0.304  0.081
 558 T   0.00000 0.93934 0.06066 ( 2)  4.519  1.000
 559 L   0.85550 0.14413 0.00037 ( 1)  0.544  0.145
 560 A   0.87163 0.12814 0.00023 ( 1)  0.482  0.128
 561 T   0.87178 0.12802 0.00020 ( 1)  0.481  0.128
 562 R   0.85127 0.14835 0.00038 ( 1)  0.560  0.149
 563 A   0.87275 0.12702 0.00023 ( 1)  0.478  0.127
 564 E   0.89232 0.10758 0.00010 ( 1)  0.403  0.108
 565 R   0.00000 0.95611 0.04389 ( 2)  4.301  1.000
 566 D   0.00000 0.99708 0.00292 ( 2)  3.769  1.000
 567 F   0.91463 0.08532 0.00005 ( 1)  0.319  0.085
 568 A   0.92352 0.07644 0.00003 ( 1)  0.286  0.076
 569 T   0.91083 0.08913 0.00004 ( 1)  0.333  0.089
 570 A   0.92352 0.07644 0.00003 ( 1)  0.286  0.076
 571 L   0.87384 0.12596 0.00020 ( 1)  0.473  0.126
 572 N   0.00000 0.99666 0.00334 ( 2)  3.774  1.000
 573 D   0.91067 0.08928 0.00005 ( 1)  0.334  0.089
 574 M   0.95717 0.04282 0.00000 ( 1)  0.160  0.043
 575 S   0.90257 0.09737 0.00006 ( 1)  0.364  0.097
 576 E   0.89232 0.10758 0.00010 ( 1)  0.403  0.108
 577 M   0.95717 0.04282 0.00000 ( 1)  0.160  0.043
 578 V   0.92381 0.07615 0.00004 ( 1)  0.285  0.076
 579 D   0.91067 0.08928 0.00005 ( 1)  0.334  0.089
 580 S   0.81855 0.18043 0.00102 ( 1)  0.690  0.181
 581 T   0.85824 0.14144 0.00031 ( 1)  0.533  0.142
 582 M   0.95717 0.04282 0.00000 ( 1)  0.160  0.043
 583 F   0.89309 0.10682 0.00009 ( 1)  0.400  0.107
 584 A   0.88531 0.11455 0.00015 ( 1)  0.430  0.115
 585 L   0.00000 0.99471 0.00529 ( 2)  3.799  1.000
 586 Q   0.83294 0.16641 0.00065 ( 1)  0.632  0.167
 587 P   0.00000 0.99545 0.00455 ( 2)  3.790  1.000
 588 W   0.85000 0.14961 0.00039 ( 1)  0.565  0.150
 589 Q   0.87170 0.12810 0.00020 ( 1)  0.481  0.128
 590 S   0.87785 0.12198 0.00017 ( 1)  0.458  0.122
 591 W   0.85000 0.14961 0.00039 ( 1)  0.565  0.150
 592 E   0.93039 0.06958 0.00002 ( 1)  0.260  0.070
 593 I   0.00000 0.99661 0.00339 ( 2)  3.775  1.000
 594 F   0.89309 0.10682 0.00009 ( 1)  0.400  0.107
 595 G   0.90337 0.09657 0.00007 ( 1)  0.361  0.097
 596 A   0.88531 0.11455 0.00015 ( 1)  0.430  0.115
 597 C   0.87792 0.12193 0.00015 ( 1)  0.457  0.122
 598 F   0.91645 0.08352 0.00004 ( 1)  0.312  0.084
 599 Y   0.87959 0.12025 0.00016 ( 1)  0.451  0.120
 600 A   0.87163 0.12814 0.00023 ( 1)  0.482  0.128
 601 V   0.92381 0.07615 0.00004 ( 1)  0.285  0.076
 602 R   0.85127 0.14835 0.00038 ( 1)  0.560  0.149
 603 I   0.90172 0.09820 0.00007 ( 1)  0.368  0.098
 604 N   0.92041 0.07956 0.00003 ( 1)  0.297  0.080
 605 A   0.92352 0.07644 0.00003 ( 1)  0.286  0.076
 606 L   0.87384 0.12596 0.00020 ( 1)  0.473  0.126
 607 L   0.85550 0.14413 0.00037 ( 1)  0.544  0.145
 608 V   0.92113 0.07881 0.00006 ( 1)  0.295  0.079
 609 L   0.89303 0.10687 0.00010 ( 1)  0.400  0.107
 610 G   0.85594 0.14371 0.00035 ( 1)  0.542  0.144
 611 H   0.87623 0.12360 0.00017 ( 1)  0.464  0.124
 612 S   0.87785 0.12198 0.00017 ( 1)  0.458  0.122
 613 T   0.87178 0.12802 0.00020 ( 1)  0.481  0.128
 614 A   0.00000 0.98451 0.01549 ( 2)  3.932  1.000
 615 T   0.00000 0.99711 0.00289 ( 2)  3.768  1.000
 616 L   0.85550 0.14413 0.00037 ( 1)  0.544  0.145
 617 G   0.00000 0.98771 0.01229 ( 2)  3.890  1.000
 618 D   0.92993 0.07004 0.00003 ( 1)  0.262  0.070
 619 L   0.89303 0.10687 0.00010 ( 1)  0.400  0.107
 620 L   0.80826 0.19042 0.00133 ( 1)  0.733  0.192
 621 P   0.88052 0.11933 0.00015 ( 1)  0.448  0.119
 622 G   0.00000 0.99300 0.00700 ( 2)  3.822  1.000
 623 A   0.88895 0.11093 0.00012 ( 1)  0.416  0.111
 624 R   0.00000 0.99095 0.00905 ( 2)  3.848  1.000
 625 M   0.95717 0.04282 0.00000 ( 1)  0.160  0.043
 626 S   0.86469 0.13505 0.00026 ( 1)  0.508  0.135
 627 D   0.00000 0.99019 0.00981 ( 2)  3.858  1.000
 628 E   0.89232 0.10758 0.00010 ( 1)  0.403  0.108
 629 T   0.85824 0.14144 0.00031 ( 1)  0.533  0.142
 630 R   0.86573 0.13403 0.00024 ( 1)  0.504  0.134
 631 R   0.00000 0.82159 0.17841 ( 2)  6.050  1.000
 632 I   0.92645 0.07352 0.00003 ( 1)  0.275  0.074
 633 S   0.87452 0.12529 0.00019 ( 1)  0.471  0.125
 634 V   0.92381 0.07615 0.00004 ( 1)  0.285  0.076
 635 K   0.87633 0.12350 0.00017 ( 1)  0.464  0.124
 636 L   0.89303 0.10687 0.00010 ( 1)  0.400  0.107
 637 V   0.91450 0.08544 0.00006 ( 1)  0.320  0.086
 638 P   0.89045 0.10944 0.00011 ( 1)  0.410  0.110
 639 S   0.82394 0.17516 0.00089 ( 1)  0.668  0.176
 640 R   0.85127 0.14835 0.00038 ( 1)  0.560  0.149
 641 V   0.92381 0.07615 0.00004 ( 1)  0.285  0.076
 642 V   0.91450 0.08544 0.00006 ( 1)  0.320  0.086
 643 Q   0.00000 0.95855 0.04145 ( 2)  4.269  1.000
 644 C   0.87792 0.12193 0.00015 ( 1)  0.457  0.122
 645 A   0.92352 0.07644 0.00003 ( 1)  0.286  0.076
 646 E   0.89232 0.10758 0.00010 ( 1)  0.403  0.108
 647 A   0.88531 0.11455 0.00015 ( 1)  0.430  0.115
 648 F   0.91645 0.08352 0.00004 ( 1)  0.312  0.084
 649 G   0.90337 0.09657 0.00007 ( 1)  0.361  0.097
 650 S   0.85318 0.14645 0.00037 ( 1)  0.553  0.147
 651 L   0.82901 0.17024 0.00075 ( 1)  0.648  0.171
 652 T   0.87178 0.12802 0.00020 ( 1)  0.481  0.128
 653 P   0.88052 0.11933 0.00015 ( 1)  0.448  0.119
 654 Q   0.00000 0.98124 0.01875 ( 2)  3.974  1.000
 655 L   0.86393 0.13579 0.00028 ( 1)  0.511  0.136
 656 I   0.92645 0.07352 0.00003 ( 1)  0.275  0.074
 657 S   0.00000 0.95892 0.04108 ( 2)  4.265  1.000
 658 N   0.89683 0.10309 0.00008 ( 1)  0.386  0.103
 659 K   0.87633 0.12350 0.00017 ( 1)  0.464  0.124
 660 F   0.89309 0.10682 0.00009 ( 1)  0.400  0.107
 661 N   0.92041 0.07956 0.00003 ( 1)  0.297  0.080
 662 Q   0.83294 0.16641 0.00065 ( 1)  0.632  0.167
 663 Q   0.83294 0.16641 0.00065 ( 1)  0.632  0.167
 664 E   0.89232 0.10758 0.00010 ( 1)  0.403  0.108
 665 K   0.91850 0.08147 0.00003 ( 1)  0.304  0.081
 666 Y   0.87959 0.12025 0.00016 ( 1)  0.451  0.120
 667 N   0.00000 0.98472 0.01528 ( 2)  3.929  1.000
 668 W   0.85000 0.14961 0.00039 ( 1)  0.565  0.150
 669 T   0.00000 0.99777 0.00223 ( 2)  3.760  1.000
 670 S   0.87785 0.12198 0.00017 ( 1)  0.458  0.122
 671 S   0.90257 0.09737 0.00006 ( 1)  0.364  0.097
 672 G   0.90078 0.09914 0.00007 ( 1)  0.371  0.099
 673 C   0.85161 0.14802 0.00037 ( 1)  0.558  0.148
 674 I   0.92645 0.07352 0.00003 ( 1)  0.275  0.074
 675 A   0.87163 0.12814 0.00023 ( 1)  0.482  0.128
 676 V   0.92381 0.07615 0.00004 ( 1)  0.285  0.076
 677 N   0.91793 0.08203 0.00004 ( 1)  0.307  0.082
 678 G   0.87418 0.12563 0.00019 ( 1)  0.472  0.126
 679 D   0.93182 0.06816 0.00002 ( 1)  0.255  0.068
 680 G   0.87418 0.12563 0.00019 ( 1)  0.472  0.126
 681 E   0.00000 0.94181 0.05819 ( 2)  4.487  1.000
 682 A   0.92352 0.07644 0.00003 ( 1)  0.286  0.076
 683 G   0.87418 0.12563 0.00019 ( 1)  0.472  0.126
 684 V   0.88602 0.11381 0.00017 ( 1)  0.427  0.114
 685 D   0.91067 0.08928 0.00005 ( 1)  0.334  0.089
 686 I   0.92645 0.07352 0.00003 ( 1)  0.275  0.074
 687 F   0.91645 0.08352 0.00004 ( 1)  0.312  0.084
 688 F   0.91645 0.08352 0.00004 ( 1)  0.312  0.084
 689 A   0.92352 0.07644 0.00003 ( 1)  0.286  0.076
 690 L   0.85550 0.14413 0.00037 ( 1)  0.544  0.145
 691 N   0.92041 0.07956 0.00003 ( 1)  0.297  0.080
 692 D   0.93182 0.06816 0.00002 ( 1)  0.255  0.068
 693 A   0.91268 0.08727 0.00005 ( 1)  0.326  0.087
 694 V   0.92381 0.07615 0.00004 ( 1)  0.285  0.076
 695 T   0.90102 0.09891 0.00007 ( 1)  0.370  0.099
 696 D   0.00000 0.99688 0.00312 ( 2)  3.771  1.000
 697 N   0.89683 0.10309 0.00008 ( 1)  0.386  0.103
 698 V   0.92381 0.07615 0.00004 ( 1)  0.285  0.076
 699 V   0.92381 0.07615 0.00004 ( 1)  0.285  0.076
 700 V   0.88602 0.11381 0.00017 ( 1)  0.427  0.114
 701 F   0.91645 0.08352 0.00004 ( 1)  0.312  0.084
 702 V   0.87249 0.12726 0.00025 ( 1)  0.479  0.128
 703 D   0.91067 0.08928 0.00005 ( 1)  0.334  0.089
 704 Q   0.87170 0.12810 0.00020 ( 1)  0.481  0.128
 705 R   0.85127 0.14835 0.00038 ( 1)  0.560  0.149
 706 K   0.91850 0.08147 0.00003 ( 1)  0.304  0.081
 707 R   0.78778 0.21010 0.00212 ( 1)  0.819  0.212
 708 Q   0.87170 0.12810 0.00020 ( 1)  0.481  0.128
 709 F   0.00000 0.99571 0.00429 ( 2)  3.787  1.000
 710 G   0.90337 0.09657 0.00007 ( 1)  0.361  0.097
 711 K   0.87633 0.12350 0.00017 ( 1)  0.464  0.124
 712 F   0.91645 0.08352 0.00004 ( 1)  0.312  0.084
 713 Q   0.87170 0.12810 0.00020 ( 1)  0.481  0.128
 714 P   0.83869 0.16074 0.00057 ( 1)  0.609  0.161
 715 C   0.87792 0.12193 0.00015 ( 1)  0.457  0.122
 716 H   0.87623 0.12360 0.00017 ( 1)  0.464  0.124
 717 A   0.87163 0.12814 0.00023 ( 1)  0.482  0.128
 718 K   0.91850 0.08147 0.00003 ( 1)  0.304  0.081
 719 E   0.89232 0.10758 0.00010 ( 1)  0.403  0.108
 720 Y   0.87862 0.12121 0.00017 ( 1)  0.455  0.121
 721 L   0.89303 0.10687 0.00010 ( 1)  0.400  0.107
 722 G   0.87418 0.12563 0.00019 ( 1)  0.472  0.126
 723 K   0.91850 0.08147 0.00003 ( 1)  0.304  0.081
 724 L   0.85550 0.14413 0.00037 ( 1)  0.544  0.145
 725 S   0.90257 0.09737 0.00006 ( 1)  0.364  0.097
 726 V   0.91450 0.08544 0.00006 ( 1)  0.320  0.086
 727 C   0.87792 0.12193 0.00015 ( 1)  0.457  0.122
 728 P   0.83869 0.16074 0.00057 ( 1)  0.609  0.161
 729 K   0.00000 0.20236 0.79764 ( 3) 14.098  1.000
 730 F   0.91645 0.08352 0.00004 ( 1)  0.312  0.084
 731 L   0.88948 0.11040 0.00012 ( 1)  0.414  0.111
 732 V   0.92381 0.07615 0.00004 ( 1)  0.285  0.076
 733 A   0.87163 0.12814 0.00023 ( 1)  0.482  0.128
 734 R   0.00000 0.99175 0.00825 ( 2)  3.838  1.000
 735 G   0.90337 0.09657 0.00007 ( 1)  0.361  0.097
 736 A   0.92352 0.07644 0.00003 ( 1)  0.286  0.076
 737 R   0.86573 0.13403 0.00024 ( 1)  0.504  0.134
 738 V   0.00000 0.87744 0.12256 ( 2)  5.324  1.000
 739 V   0.92381 0.07615 0.00004 ( 1)  0.285  0.076
 740 R   0.85127 0.14835 0.00038 ( 1)  0.560  0.149
 741 G   0.91308 0.08688 0.00004 ( 1)  0.325  0.087
 742 V   0.91450 0.08544 0.00006 ( 1)  0.320  0.086
 743 L   0.87384 0.12596 0.00020 ( 1)  0.473  0.126
 744 N   0.92041 0.07956 0.00003 ( 1)  0.297  0.080
 745 C   0.85161 0.14802 0.00037 ( 1)  0.558  0.148
 746 D   0.00000 0.98979 0.01021 ( 2)  3.863  1.000
 747 S   0.85728 0.14240 0.00033 ( 1)  0.537  0.143
 748 L   0.87384 0.12596 0.00020 ( 1)  0.473  0.126
 749 S   0.87785 0.12198 0.00017 ( 1)  0.458  0.122
 750 N   0.92041 0.07956 0.00003 ( 1)  0.297  0.080
 751 L   0.89303 0.10687 0.00010 ( 1)  0.400  0.107
 752 A   0.92352 0.07644 0.00003 ( 1)  0.286  0.076
 753 T   0.91083 0.08913 0.00004 ( 1)  0.333  0.089
 754 Y   0.87607 0.12375 0.00018 ( 1)  0.465  0.124
 755 D   0.93182 0.06816 0.00002 ( 1)  0.255  0.068
 756 V   0.92381 0.07615 0.00004 ( 1)  0.285  0.076
 757 P   0.89045 0.10944 0.00011 ( 1)  0.410  0.110
 758 H   0.00000 0.99417 0.00583 ( 2)  3.807  1.000
 759 D   0.91067 0.08928 0.00005 ( 1)  0.334  0.089
 760 C   0.87792 0.12193 0.00015 ( 1)  0.457  0.122
 761 F   0.89309 0.10682 0.00009 ( 1)  0.400  0.107
 762 L   0.86699 0.13275 0.00026 ( 1)  0.500  0.133
 763 L   0.87384 0.12596 0.00020 ( 1)  0.473  0.126
 764 S   0.87716 0.12268 0.00015 ( 1)  0.460  0.123
 765 P   0.00000 0.90357 0.09643 ( 2)  4.984  1.000
 766 D   0.00000 0.98661 0.01339 ( 2)  3.905  1.000
 767 E   0.93039 0.06958 0.00002 ( 1)  0.260  0.070
 768 S   0.90257 0.09737 0.00006 ( 1)  0.364  0.097
 769 E   0.93039 0.06958 0.00002 ( 1)  0.260  0.070
 770 R   0.00000 0.85614 0.14386 ( 2)  5.601  1.000
 771 F   0.91645 0.08352 0.00004 ( 1)  0.312  0.084
 772 Y   0.00000 0.97330 0.02670 ( 2)  4.078  1.000
 773 G   0.85322 0.14640 0.00038 ( 1)  0.553  0.147
 774 T   0.85824 0.14144 0.00031 ( 1)  0.533  0.142
 775 L   0.85550 0.14413 0.00037 ( 1)  0.544  0.145
 776 A   0.92352 0.07644 0.00003 ( 1)  0.286  0.076
 777 Y   0.87959 0.12025 0.00016 ( 1)  0.451  0.120
 778 H   0.90044 0.09949 0.00007 ( 1)  0.372  0.100
 779 P   0.83869 0.16074 0.00057 ( 1)  0.609  0.161
 780 A   0.92352 0.07644 0.00003 ( 1)  0.286  0.076
 781 C   0.87792 0.12193 0.00015 ( 1)  0.457  0.122
 782 T   0.91083 0.08913 0.00004 ( 1)  0.333  0.089
 783 P   0.89045 0.10944 0.00011 ( 1)  0.410  0.110
 784 F   0.00000 0.98960 0.01040 ( 2)  3.866  1.000
 785 I   0.90172 0.09820 0.00007 ( 1)  0.368  0.098
 786 S   0.87785 0.12198 0.00017 ( 1)  0.458  0.122
 787 V   0.88602 0.11381 0.00017 ( 1)  0.427  0.114
 788 N   0.00000 0.99666 0.00334 ( 2)  3.774  1.000
 789 S   0.81855 0.18043 0.00102 ( 1)  0.690  0.181
 790 A   0.92352 0.07644 0.00003 ( 1)  0.286  0.076
 791 C   0.85161 0.14802 0.00037 ( 1)  0.558  0.148
 792 K   0.00000 0.99226 0.00773 ( 2)  3.831  1.000
 793 T   0.86591 0.13376 0.00033 ( 1)  0.505  0.134
 794 A   0.91412 0.08583 0.00005 ( 1)  0.321  0.086
 795 L   0.86393 0.13579 0.00028 ( 1)  0.511  0.136
 796 K   0.87633 0.12350 0.00017 ( 1)  0.464  0.124
 797 S   0.81855 0.18043 0.00102 ( 1)  0.690  0.181
 798 L   0.00000 0.98045 0.01955 ( 2)  3.985  1.000
 799 L   0.88715 0.11272 0.00013 ( 1)  0.423  0.113
 800 R   0.78778 0.21010 0.00212 ( 1)  0.819  0.212
 801 G   0.87418 0.12563 0.00019 ( 1)  0.472  0.126
 802 T   0.90102 0.09891 0.00007 ( 1)  0.370  0.099
 803 L   0.00000 0.96951 0.03049 ( 2)  4.127  1.000
 804 K   0.87633 0.12350 0.00017 ( 1)  0.464  0.124
 805 A   0.91412 0.08583 0.00005 ( 1)  0.321  0.086
 806 V   0.91450 0.08544 0.00006 ( 1)  0.320  0.086
 807 D   0.93182 0.06816 0.00002 ( 1)  0.255  0.068
 808 E   0.89232 0.10758 0.00010 ( 1)  0.403  0.108
 809 A   0.91412 0.08583 0.00005 ( 1)  0.321  0.086
 810 A   0.88531 0.11455 0.00015 ( 1)  0.430  0.115
 811 E   0.89232 0.10758 0.00010 ( 1)  0.403  0.108
 812 A   0.88531 0.11455 0.00015 ( 1)  0.430  0.115
 813 I   0.90172 0.09820 0.00007 ( 1)  0.368  0.098
 814 L   0.00000 0.99283 0.00717 ( 2)  3.824  1.000
 815 T   0.00000 0.99749 0.00251 ( 2)  3.763  1.000
 816 K   0.91850 0.08147 0.00003 ( 1)  0.304  0.081
 817 R   0.85127 0.14835 0.00038 ( 1)  0.560  0.149
 818 N   0.92041 0.07956 0.00003 ( 1)  0.297  0.080
 819 E   0.89232 0.10758 0.00010 ( 1)  0.403  0.108
 820 P   0.85168 0.14793 0.00038 ( 1)  0.558  0.148
 821 S   0.90257 0.09737 0.00006 ( 1)  0.364  0.097
 822 G   0.85322 0.14640 0.00038 ( 1)  0.553  0.147
 823 G   0.90059 0.09933 0.00007 ( 1)  0.372  0.099
 824 F   0.89309 0.10682 0.00009 ( 1)  0.400  0.107
 825 S   0.00000 0.98548 0.01452 ( 2)  3.919  1.000
 826 N   0.92041 0.07956 0.00003 ( 1)  0.297  0.080
 827 S   0.85318 0.14645 0.00037 ( 1)  0.553  0.147
 828 E   0.93039 0.06958 0.00002 ( 1)  0.260  0.070
 829 D   0.93182 0.06816 0.00002 ( 1)  0.255  0.068
 830 V   0.92381 0.07615 0.00004 ( 1)  0.285  0.076
 831 R   0.86267 0.13706 0.00026 ( 1)  0.516  0.137
 832 S   0.88207 0.11779 0.00014 ( 1)  0.442  0.118
 833 F   0.00000 0.99768 0.00232 ( 2)  3.761  1.000
 834 I   0.90247 0.09743 0.00010 ( 1)  0.365  0.098
 835 R   0.00000 0.96435 0.03565 ( 2)  4.194  1.000
 836 F   0.91249 0.08745 0.00006 ( 1)  0.327  0.088
 837 K   0.91850 0.08147 0.00003 ( 1)  0.304  0.081
 838 R   0.86372 0.13602 0.00026 ( 1)  0.512  0.136
 839 L   0.87384 0.12596 0.00020 ( 1)  0.473  0.126
 840 K   0.00000 0.99397 0.00603 ( 2)  3.809  1.000
 841 V   0.88602 0.11381 0.00017 ( 1)  0.427  0.114
 842 D   0.00000 0.98867 0.01133 ( 2)  3.878  1.000
 843 F   0.91645 0.08352 0.00004 ( 1)  0.312  0.084
 844 D   0.93182 0.06816 0.00002 ( 1)  0.255  0.068
 845 D   0.00000 0.99718 0.00282 ( 2)  3.767  1.000
 846 E   0.00000 0.99846 0.00154 ( 2)  3.751  1.000
 847 Y   0.87959 0.12025 0.00016 ( 1)  0.451  0.120
 848 A   0.92352 0.07644 0.00003 ( 1)  0.286  0.076
 849 E   0.00000 0.95469 0.04531 ( 2)  4.320  1.000
 850 F   0.91645 0.08352 0.00004 ( 1)  0.312  0.084
 851 S   0.00000 0.14177 0.85823 ( 3) 14.886  1.000
 852 S   0.87785 0.12198 0.00017 ( 1)  0.458  0.122
 853 -   0.67969 0.30310 0.01721 ( 1)  1.419  0.320
 854 V   0.67969 0.30310 0.01721 ( 1)  1.419  0.320
 855 T   0.67969 0.30310 0.01721 ( 1)  1.419  0.320
 856 R   0.67969 0.30310 0.01721 ( 1)  1.419  0.320
 857 K   0.67969 0.30310 0.01721 ( 1)  1.419  0.320
 858 R   0.67969 0.30310 0.01721 ( 1)  1.419  0.320
 859 G   0.67969 0.30310 0.01721 ( 1)  1.419  0.320
 860 G   0.67969 0.30310 0.01721 ( 1)  1.419  0.320
 861 D   0.67969 0.30310 0.01721 ( 1)  1.419  0.320
 862 R   0.67969 0.30310 0.01721 ( 1)  1.419  0.320
 863 L   0.67969 0.30310 0.01721 ( 1)  1.419  0.320
 864 K   0.67969 0.30310 0.01721 ( 1)  1.419  0.320
 865 S   0.67969 0.30310 0.01721 ( 1)  1.419  0.320
 866 C   0.67969 0.30310 0.01721 ( 1)  1.419  0.320
 867 S   0.67969 0.30310 0.01721 ( 1)  1.419  0.320
 868 I   0.67969 0.30310 0.01721 ( 1)  1.419  0.320
 869 -   0.67969 0.30310 0.01721 ( 1)  1.419  0.320

Positively selected sites

	Prob(w>1)  mean w

    17 S      1.000**       4.161
    24 K      1.000**       3.869
    27 D      1.000**       3.763
    31 E      1.000**       3.980
    32 A      1.000**       3.865
    34 K      1.000**       3.921
    35 A      1.000**       4.102
    37 K      1.000**       3.787
    38 T      1.000**       4.097
    39 N      1.000**       4.623
    42 K      1.000**       4.315
    43 E      1.000**       3.969
    47 D      1.000**       3.977
    49 L      1.000**       4.054
    56 K      1.000**       3.921
    59 D      1.000**       3.776
    63 R      1.000**       4.368
    64 D      1.000**       3.799
    65 N      1.000**       4.235
    66 E      1.000**       4.923
    67 D      1.000**       3.778
    69 L      1.000**       3.860
    70 D      1.000**       3.887
    71 T      1.000**       3.778
    73 L      1.000**       5.024
    74 Q      1.000**       3.817
    75 S      1.000**       3.830
    77 I      1.000**       3.947
    78 A      1.000**       4.118
    81 F      1.000**       3.901
    82 S      1.000**       5.085
    84 Y      1.000**       5.516
    85 L      1.000**       4.127
    86 H      1.000**       3.954
    87 M      1.000**       4.816
    88 R      1.000**       5.528
    89 A      1.000**       5.286
    90 S      1.000**       4.282
    91 W      1.000**       4.533
    92 K      1.000**       3.787
    93 L      1.000**       8.722
    94 S      1.000**       4.840
    95 K      1.000**       3.761
    97 T      1.000**       3.816
   100 L      1.000**       4.145
   101 F      1.000**       3.898
   102 G      1.000**       4.026
   103 P      1.000**       4.469
   104 D      1.000**       4.281
   105 V      1.000**       3.784
   106 S      1.000**       3.892
   107 L      1.000**       4.726
   108 G      1.000**       3.865
   109 E      1.000**       3.773
   110 G      1.000**       10.642
   111 V      1.000**       4.722
   112 V      1.000**       3.772
   118 V      1.000**       3.779
   139 P      1.000**       3.789
   143 N      1.000**       3.788
   167 V      1.000**       3.770
   169 R      1.000**       3.833
   174 G      1.000**       4.349
   175 A      1.000**       4.198
   177 K      1.000**       6.036
   181 R      1.000**       10.655
   187 K      1.000**       3.753
   188 A      1.000**       3.757
   190 M      1.000**       3.737
   191 K      1.000**       3.760
   192 T      1.000**       3.858
   194 K      1.000**       3.753
   197 L      1.000**       4.392
   207 S      1.000**       15.556
   212 E      1.000**       4.159
   216 P      1.000**       3.804
   238 H      1.000**       6.100
   239 A      1.000**       4.930
   246 H      1.000**       3.819
   248 V      1.000**       4.064
   255 Y      1.000**       3.825
   265 E      1.000**       3.791
   270 A      1.000**       3.762
   272 S      1.000**       4.044
   285 N      1.000**       3.995
   290 A      1.000**       3.835
   292 E      1.000**       3.923
   293 E      1.000**       3.840
   296 N      1.000**       3.882
   297 S      1.000**       6.381
   307 T      1.000**       4.410
   310 N      1.000**       3.750
   311 A      1.000**       3.807
   313 K      1.000**       3.803
   316 D      1.000**       3.748
   317 R      1.000**       3.937
   319 L      1.000**       3.892
   343 K      1.000**       4.162
   345 N      1.000**       3.829
   353 S      1.000**       4.104
   356 L      1.000**       3.830
   357 R      1.000**       3.836
   361 Q      1.000**       4.600
   364 V      1.000**       3.914
   365 L      1.000**       7.197
   366 Y      1.000**       4.447
   386 D      1.000**       3.940
   391 G      1.000**       4.787
   397 S      1.000**       4.288
   398 F      1.000**       8.511
   406 M      1.000**       3.759
   420 N      1.000**       3.775
   421 G      1.000**       5.565
   422 T      1.000**       3.852
   426 G      1.000**       3.826
   431 S      1.000**       3.805
   432 H      1.000**       4.421
   433 I      1.000**       4.286
   436 Y      1.000**       3.798
   438 F      1.000**       3.891
   453 K      1.000**       3.803
   457 C      1.000**       3.886
   458 S      1.000**       4.129
   461 D      1.000**       3.865
   466 E      1.000**       3.803
   467 N      1.000**       3.817
   468 I      1.000**       3.854
   470 K      1.000**       3.937
   472 F      1.000**       3.983
   473 F      1.000**       10.969
   474 K      1.000**       11.064
   478 S      1.000**       3.864
   481 Y      1.000**       3.982
   482 P      1.000**       11.507
   485 S      1.000**       5.583
   492 S      1.000**       14.209
   505 L      1.000**       12.281
   506 T      1.000**       3.756
   508 N      1.000**       4.831
   510 I      1.000**       3.779
   511 N      1.000**       4.843
   518 K      1.000**       3.811
   522 L      1.000**       3.784
   534 E      1.000**       5.053
   536 T      1.000**       4.767
   537 T      1.000**       3.864
   545 V      1.000**       3.773
   548 T      1.000**       4.849
   551 I      1.000**       16.506
   555 S      1.000**       3.873
   558 T      1.000**       4.519
   565 R      1.000**       4.301
   566 D      1.000**       3.769
   572 N      1.000**       3.774
   585 L      1.000**       3.799
   587 P      1.000**       3.790
   593 I      1.000**       3.775
   614 A      1.000**       3.932
   615 T      1.000**       3.768
   617 G      1.000**       3.890
   622 G      1.000**       3.822
   624 R      1.000**       3.848
   627 D      1.000**       3.858
   631 R      1.000**       6.050
   643 Q      1.000**       4.269
   654 Q      1.000**       3.974
   657 S      1.000**       4.265
   667 N      1.000**       3.929
   669 T      1.000**       3.760
   681 E      1.000**       4.487
   696 D      1.000**       3.771
   709 F      1.000**       3.787
   729 K      1.000**       14.098
   734 R      1.000**       3.838
   738 V      1.000**       5.324
   746 D      1.000**       3.863
   758 H      1.000**       3.807
   765 P      1.000**       4.984
   766 D      1.000**       3.905
   770 R      1.000**       5.601
   772 Y      1.000**       4.078
   784 F      1.000**       3.866
   788 N      1.000**       3.774
   792 K      1.000**       3.831
   798 L      1.000**       3.985
   803 L      1.000**       4.127
   814 L      1.000**       3.824
   815 T      1.000**       3.763
   825 S      1.000**       3.919
   833 F      1.000**       3.761
   835 R      1.000**       4.194
   840 K      1.000**       3.809
   842 D      1.000**       3.878
   845 D      1.000**       3.767
   846 E      1.000**       3.751
   849 E      1.000**       4.320
   851 S      1.000**       14.886


lnL = -6098.588425

