

Model 0: one-ratio

TREE # 1

  0  0.0000   6335.509992  x:  0.04750   0.09535   0.00000   0.06363   0.06212   0.04147   0.03709   0.04768   0.04890   0.06596   0.04372   0.07818   4.00000   5.00000  
  1 99.0000   6320.360170  x:  0.05804   0.09399   0.01918   0.03963   0.06437   0.04209   0.01679   0.04402   0.03544   0.07650   0.03187   0.09313   3.99958   4.99919  
  2 886.2978   6310.643981  x:  0.06365   0.09248   0.00751   0.02018   0.06604   0.04334   0.00973   0.04302   0.02611   0.08211   0.02512   0.10316   3.99916   4.99838  
  3 954.8774   6309.290255  x:  0.06594   0.09228   0.00694   0.01651   0.06693   0.04380   0.01436   0.04313   0.02363   0.08440   0.02338   0.10738   3.99896   4.99798  
  4 522.4663   6308.226591  x:  0.07030   0.09275   0.00446   0.02095   0.06928   0.04443   0.01446   0.04502   0.02198   0.08876   0.02269   0.11739   3.99831   4.99671  
  5 216.1127   6308.042468  x:  0.07086   0.09322   0.00430   0.02016   0.06943   0.04415   0.01439   0.04577   0.02448   0.08933   0.02435   0.12046   3.99785   4.99581  
  6 106.2611   6307.976859  x:  0.06963   0.09407   0.00422   0.02022   0.06883   0.04323   0.01446   0.04481   0.02524   0.08809   0.02325   0.12258   3.99675   4.99362  
  7 35.4074   6307.927114  x:  0.06850   0.09471   0.00436   0.02016   0.06872   0.04326   0.01444   0.04438   0.02422   0.08697   0.02429   0.12386   3.99506   4.99025  
  8 42.4012   6307.699975  x:  0.06617   0.09560   0.00486   0.01974   0.06954   0.04633   0.01430   0.04766   0.02386   0.08463   0.02333   0.12522   3.98420   4.96858  
  9 63.5890   6247.541144  x:  0.06028   0.10188   0.00255   0.01653   0.08634   0.02053   0.01418   0.06485   0.01836   0.07872   0.02199   0.12043   2.15695   1.32222  
 10 311.9285   6244.077288  x:  0.06038   0.10207   0.00215   0.01667   0.08604   0.02401   0.01419   0.06200   0.01929   0.07882   0.02198   0.12038   2.00250   1.01368  
 11 37532.4985   6244.036805  x:  0.06038   0.10052   0.00222   0.01682   0.08330   0.02394   0.01421   0.06293   0.01890   0.07882   0.02210   0.12080   2.00062   1.01022  
 12 33.2220   6243.771394  x:  0.05903   0.09353   0.00235   0.01703   0.08584   0.02430   0.01423   0.06139   0.01964   0.07747   0.02225   0.12194   1.99322   1.02121  
 13  1.7101   6240.438879  x:  0.06184   0.09770   0.00000   0.01811   0.07198   0.03414   0.01449   0.05662   0.02075   0.08028   0.02291   0.12030   1.88048   1.20067  
 14 95.8720   6240.438879  x:  0.06184   0.09770   0.00000   0.01811   0.07198   0.03414   0.01449   0.05662   0.02075   0.08028   0.02291   0.12030   1.88048   1.20067  
 15 10.9170   6239.680044  x:  0.06182   0.09756   0.00271   0.01901   0.07171   0.03613   0.01633   0.05548   0.02204   0.08025   0.02342   0.11976   1.88067   1.20058  
 16 461.4383   6238.090216  x:  0.06158   0.09681   0.00074   0.02152   0.07066   0.04248   0.02096   0.05136   0.02606   0.08001   0.02513   0.11780   1.88139   1.20022  
 17 524.8490   6237.585907  x:  0.06135   0.09572   0.00102   0.02142   0.06898   0.04518   0.01745   0.04680   0.02735   0.07978   0.02593   0.11502   1.88256   1.19964  
 18 160.0078   6237.448096  x:  0.06118   0.09445   0.00104   0.02083   0.06743   0.04388   0.01849   0.04494   0.02667   0.07961   0.02543   0.11185   1.88447   1.19869  
 19 64.6468   6237.363682  x:  0.06112   0.09341   0.00104   0.02233   0.06691   0.04308   0.01818   0.04600   0.02723   0.07955   0.02600   0.10895   1.88768   1.19710  
 20 51.9887   6237.262145  x:  0.06120   0.09265   0.00109   0.02067   0.06742   0.04399   0.01821   0.04757   0.02736   0.07963   0.02676   0.10684   1.89431   1.19383  
 21 56.4582   6236.784792  x:  0.06142   0.09216   0.00109   0.02167   0.07040   0.04718   0.01798   0.04853   0.02355   0.07985   0.02414   0.10426   1.93132   1.17562  
 22 138.8642   6232.973856  x:  0.06201   0.09639   0.00108   0.02202   0.07488   0.04236   0.01872   0.04351   0.02448   0.08044   0.03037   0.10818   2.24640   1.02081  
 23 641.3384   6232.188960  x:  0.06162   0.09618   0.00109   0.02099   0.07145   0.04244   0.01826   0.04496   0.02887   0.08005   0.02489   0.11000   2.30977   0.99014  
 24 1179.6321   6232.057978  x:  0.06139   0.09493   0.00113   0.02125   0.06757   0.04369   0.01825   0.04629   0.02722   0.07982   0.02558   0.11152   2.32081   0.98580  
 25 128.7500   6232.019685  x:  0.06175   0.09220   0.00117   0.02132   0.06817   0.04349   0.01825   0.04606   0.02743   0.08018   0.02556   0.11246   2.32683   0.99027  
 26 11.9679   6231.229510  x:  0.05917   0.09413   0.00116   0.02118   0.06711   0.04341   0.01823   0.04634   0.02784   0.07760   0.02539   0.11279   2.47293   1.11649  
 27 56.3157   6231.168979  x:  0.06138   0.09484   0.00108   0.02121   0.06648   0.04347   0.01822   0.04634   0.02789   0.07981   0.02527   0.11259   2.48371   1.12584  
 28 145.8373   6231.030493  x:  0.06160   0.09423   0.00080   0.02121   0.06843   0.04384   0.01796   0.04645   0.02681   0.08001   0.02573   0.11093   2.56899   1.11487  
 29  0.0667   6231.024810  x:  0.06159   0.09430   0.00094   0.02117   0.06815   0.04362   0.01797   0.04647   0.02674   0.07999   0.02554   0.11106   2.57955   1.11158  
 30  0.0124   6231.024529  x:  0.06158   0.09435   0.00091   0.02118   0.06805   0.04361   0.01799   0.04645   0.02679   0.07999   0.02551   0.11113   2.58123   1.11079  
 31  0.0020   6231.024523  x:  0.06159   0.09436   0.00091   0.02118   0.06806   0.04362   0.01798   0.04645   0.02680   0.07999   0.02552   0.11114   2.58131   1.11070  
 32  0.0001   6231.024523  x:  0.06159   0.09436   0.00091   0.02118   0.06806   0.04362   0.01799   0.04645   0.02680   0.07999   0.02552   0.11114   2.58133   1.11071  
 33  0.0000   6231.024523  x:  0.06159   0.09436   0.00091   0.02118   0.06806   0.04362   0.01799   0.04645   0.02680   0.07999   0.02552   0.11114   2.58131   1.11070  
 34  0.0000   6231.024523  x:  0.06159   0.09436   0.00091   0.02118   0.06806   0.04362   0.01799   0.04645   0.02680   0.07999   0.02552   0.11114   2.58132   1.11070  
 35  0.0000   6231.024523  x:  0.06159   0.09436   0.00091   0.02118   0.06806   0.04362   0.01799   0.04645   0.02680   0.07998   0.02552   0.11114   2.58132   1.11070  

Model 3: discrete

TREE # 1

  0  0.0000   6255.747446  x:  0.03538   0.09459   0.00000   0.04523   0.03557   0.06268   0.05196   0.09160   0.04427   0.09693   0.04219   0.05019   2.58132   0.14363   0.05877   0.55535   1.38306   2.28706  
  1 99.0000   6207.710403  x:  0.04116   0.09480   0.01949   0.02412   0.07240   0.05166   0.01976   0.06736   0.02614   0.10270   0.03138   0.10942   2.58142   0.14486   0.05808   0.55165   1.38199   2.28832  
  2 1332.2129   6197.104680  x:  0.04222   0.09472   0.00000   0.01812   0.07605   0.04747   0.01297   0.05665   0.02302   0.10376   0.02664   0.11849   2.58148   0.14572   0.05762   0.54911   1.38125   2.28917  
  3 739.3299   6197.104680  x:  0.04222   0.09472   0.00000   0.01812   0.07605   0.04747   0.01297   0.05665   0.02302   0.10376   0.02664   0.11849   2.58148   0.14572   0.05762   0.54911   1.38125   2.28917  
  4 272.0477   6196.398815  x:  0.04229   0.09504   0.00228   0.01932   0.07548   0.04719   0.01597   0.05560   0.02387   0.10383   0.02625   0.11825   2.58150   0.14592   0.05751   0.54853   1.38107   2.28937  
  5 403.9200   6195.586613  x:  0.04235   0.09555   0.00033   0.02121   0.07423   0.04654   0.02009   0.05332   0.02552   0.10389   0.02558   0.11774   2.58154   0.14638   0.05726   0.54720   1.38066   2.28981  
  6 412.7573   6194.801066  x:  0.04276   0.09741   0.00057   0.02276   0.06986   0.04386   0.01794   0.04566   0.02939   0.10430   0.02477   0.11590   2.58169   0.14832   0.05623   0.54156   1.37896   2.29169  
  7 159.5450   6194.235163  x:  0.04312   0.09856   0.00054   0.01853   0.06759   0.04360   0.01929   0.04364   0.02936   0.10466   0.02770   0.11358   2.58202   0.15250   0.05401   0.52954   1.37530   2.29567  
  8 106.3215   6184.084309  x:  0.04542   0.11135   0.00000   0.02700   0.05510   0.05062   0.01844   0.04912   0.01949   0.10696   0.03784   0.08325   2.58777   0.22686   0.01456   0.31599   1.31030   2.36635  
  9 399.6871   6160.395918  x:  0.04759   0.12161   0.00000   0.02626   0.05207   0.05595   0.01797   0.05646   0.02605   0.10913   0.03801   0.06526   2.59617   0.33716  -0.04391   0.00000   1.21445   2.47051  
 10 4684.3528   6159.373643  x:  0.05024   0.13024   0.00000   0.02856   0.04990   0.05879   0.01805   0.05671   0.02246   0.11178   0.04224   0.06053   2.60333   0.43225  -0.09423   0.00000   1.13224   2.55975  
 11 1171.7093   6159.184489  x:  0.04840   0.12954   0.00000   0.02945   0.04690   0.05833   0.01790   0.05838   0.02337   0.10994   0.04437   0.06143   2.60419   0.44288  -0.09990   0.00000   1.12248   2.57063  
 12 121.7127   6158.454416  x:  0.04175   0.12266   0.00000   0.03003   0.04916   0.05556   0.01799   0.05596   0.02225   0.10329   0.04589   0.05807   2.60624   0.46480  -0.11175   0.00000   1.09983   2.59714  
 13 109.0329   6153.750212  x:  0.04557   0.09448   0.00000   0.02687   0.04059   0.05874   0.01840   0.05373   0.01962   0.10711   0.03599   0.05447   2.61623   0.56031  -0.16378   0.00000   0.99002   2.72917  
 14 254.7049   6142.991252  x:  0.05502   0.07889   0.00000   0.03032   0.05309   0.06225   0.01603   0.05352   0.03896   0.11655   0.04781   0.05213   2.64070   0.78586  -0.28669   0.00000   0.72251   3.05249  
 15 1595.9000   6132.409501  x:  0.04714   0.10020   0.00000   0.01981   0.05307   0.05440   0.01709   0.05957   0.03845   0.10868   0.02688   0.05532   2.66267   0.98364  -0.39543   0.00000   0.48309   3.34360  
 16 2441.9946   6132.095544  x:  0.04532   0.10099   0.00000   0.01969   0.05282   0.06163   0.01684   0.05720   0.03883   0.10685   0.02667   0.05649   2.66465   0.97752  -0.40157   0.00000   0.47022   3.36835  
 17 38.7956   6118.338756  x:  0.04919   0.09868   0.00000   0.02335   0.05455   0.05436   0.01743   0.05379   0.03058   0.11071   0.03249   0.06610   2.73889   0.71077  -0.62927   0.00000   0.00000   4.29673  
 18 258.2172   6117.272540  x:  0.04922   0.10129   0.00000   0.02224   0.05609   0.05391   0.01738   0.05443   0.03209   0.11073   0.03044   0.06792   2.84609   0.66391  -0.84858   0.00000   0.11544   4.34420  
 19  5.3013   6112.249534  x:  0.04594   0.09377   0.00000   0.01973   0.06185   0.04456   0.01728   0.04894   0.02977   0.10735   0.02306   0.08301   3.47031   0.73229  -0.53050   0.00000   0.09834   4.49338  
 20  1.7599   6112.031405  x:  0.04573   0.09336   0.00000   0.01955   0.06227   0.04394   0.01726   0.04859   0.02969   0.10713   0.02255   0.08406   3.48602   0.73831  -0.51001   0.03289   0.10386   4.50778  
 21  9.7509   6106.650104  x:  0.04363   0.09260   0.00000   0.01711   0.06794   0.03811   0.01684   0.04587   0.03153   0.10491   0.01674   0.09564   2.71403   0.83601  -0.34494   0.00000   0.35670   4.78791  
 22  7.6586   6103.376153  x:  0.05071   0.10617   0.00000   0.02145   0.07418   0.04556   0.01647   0.04585   0.03390   0.11181   0.02919   0.10921   2.60663   1.28440   0.23339   0.00000   1.48298   5.76711  
 23  2.3102   6101.636685  x:  0.05282   0.10690   0.00000   0.02024   0.07804   0.05079   0.01785   0.05003   0.03282   0.11361   0.02478   0.12346   2.90393   1.62225   0.51135   0.00000   2.16717   6.59337  
 24  0.7706   6101.076990  x:  0.05320   0.10588   0.00000   0.01960   0.07941   0.05029   0.01830   0.05046   0.03164   0.11387   0.02255   0.12939   2.89546   1.82036   0.84047   0.00000   2.60974   7.02973  
 25  1.3484   6100.771169  x:  0.05368   0.10651   0.00000   0.01938   0.07993   0.04863   0.01837   0.05056   0.03188   0.11423   0.02185   0.13229   2.80802   2.01256   0.99558   0.00000   3.01643   7.41260  
 26  1.2635   6100.604582  x:  0.05195   0.10413   0.00000   0.01917   0.07810   0.04538   0.01788   0.04750   0.03181   0.11238   0.02201   0.12974   2.76919   2.00624   0.98777   0.00000   2.93723   7.43216  
 27  0.0770   6100.441749  x:  0.05080   0.10233   0.00000   0.01928   0.07480   0.04661   0.01742   0.04695   0.03179   0.11110   0.02207   0.12610   2.81975   2.19342   1.19756   0.00000   3.21813   7.91299  
 28  0.2121   6100.345310  x:  0.05086   0.10207   0.00000   0.01947   0.07398   0.04654   0.01761   0.04848   0.03159   0.11115   0.02291   0.12293   2.82099   2.20367   1.19521   0.00000   3.14827   8.10443  
 29  0.1003   6100.344557  x:  0.05086   0.10206   0.00000   0.01947   0.07396   0.04653   0.01762   0.04853   0.03158   0.11115   0.02294   0.12283   2.82103   2.20428   1.19553   0.00167   3.14624   8.11194  
 30  2.7098   6100.258913  x:  0.05115   0.10225   0.00000   0.01950   0.07430   0.04646   0.01774   0.04869   0.03150   0.11137   0.02298   0.12285   2.82124   2.25009   1.25980   0.00000   3.19134   8.31110  
 31  0.7430   6099.837407  x:  0.05244   0.10326   0.00000   0.01953   0.07678   0.04685   0.01826   0.04868   0.03141   0.11256   0.02284   0.12312   2.82638   2.57434   1.72646   0.00000   3.41399   9.87103  
 32  4.7977   6099.180358  x:  0.05678   0.10749   0.00000   0.01952   0.08432   0.04819   0.01932   0.04802   0.03217   0.11510   0.02214   0.12577   2.79306   3.13001   2.35647   0.00000   3.54454  13.10777  
 33  1.4902   6098.911968  x:  0.05543   0.10617   0.00000   0.01913   0.08248   0.04699   0.01859   0.04822   0.03224   0.11287   0.02208   0.12615   2.79690   3.22217   2.38311   0.00000   3.55676  13.57575  
 34  0.4405   6098.717610  x:  0.05443   0.10486   0.00000   0.01883   0.08029   0.04613   0.01790   0.04860   0.03223   0.11081   0.02217   0.12591   2.81759   3.56284   2.73677   0.00000   3.78913  15.08509  
 35  2.5870   6098.621523  x:  0.05444   0.10379   0.00000   0.01885   0.07821   0.04680   0.01779   0.04756   0.03159   0.10974   0.02159   0.12621   2.80406   3.65910   2.85420   0.00000   3.68281  15.86575  
 36  0.5983   6098.605311  x:  0.05525   0.10459   0.00000   0.01911   0.07748   0.04697   0.01796   0.04777   0.03177   0.11043   0.02189   0.12702   2.80130   3.66150   2.85085   0.00000   3.67277  15.94434  
 37  0.0555   6098.603191  x:  0.05533   0.10460   0.00000   0.01911   0.07729   0.04691   0.01805   0.04792   0.03188   0.11052   0.02192   0.12746   2.79723   3.66566   2.85831   0.00000   3.68439  15.97341  
 38  0.0216   6098.601783  x:  0.05531   0.10463   0.00000   0.01915   0.07720   0.04697   0.01808   0.04784   0.03192   0.11060   0.02188   0.12773   2.80220   3.63615   2.82904   0.00000   3.67630  15.86703  
 39  0.0370   6098.595166  x:  0.05560   0.10507   0.00000   0.01916   0.07751   0.04744   0.01791   0.04784   0.03209   0.11079   0.02191   0.12814   2.81104   3.65656   2.85009   0.00000   3.71076  16.24013  
 40  0.0470   6098.589078  x:  0.05577   0.10509   0.00000   0.01911   0.07768   0.04712   0.01794   0.04806   0.03207   0.11080   0.02199   0.12810   2.80785   3.66850   2.86157   0.00000   3.72511  16.68059  
 41  0.2174   6098.588432  x:  0.05580   0.10499   0.00000   0.01915   0.07759   0.04711   0.01808   0.04797   0.03201   0.11082   0.02194   0.12790   2.80763   3.67721   2.86960   0.00000   3.73129  16.73138  
 42  0.0428   6098.588425  x:  0.05580   0.10498   0.00000   0.01915   0.07761   0.04711   0.01809   0.04798   0.03201   0.11082   0.02194   0.12791   2.80827   3.67634   2.86881   0.00000   3.73069  16.72875  
 43  0.0032   6098.588425  x:  0.05580   0.10498   0.00000   0.01915   0.07761   0.04711   0.01809   0.04798   0.03201   0.11082   0.02194   0.12791   2.80823   3.67627   2.86872   0.00000   3.73071  16.72840  
 44  0.0004   6098.588425  x:  0.05580   0.10498   0.00000   0.01916   0.07761   0.04711   0.01809   0.04798   0.03201   0.11081   0.02194   0.12791   2.80823   3.67632   2.86876   0.00000   3.73073  16.72863  
 45  0.0002   6098.588425  x:  0.05580   0.10498   0.00000   0.01916   0.07761   0.04711   0.01809   0.04798   0.03201   0.11082   0.02194   0.12791   2.80823   3.67632   2.86876   0.00000   3.73073  16.72864  
 46  0.0000   6098.588425  x:  0.05580   0.10498   0.00000   0.01916   0.07761   0.04711   0.01809   0.04798   0.03201   0.11081   0.02194   0.12791   2.80823   3.67632   2.86876   0.00000   3.73073  16.72864  