Supplemental results for CODEML (seqf: alignment.phy  treef: aa.ph)


Model 0: one-ratio

Model 3: discrete

MLEs of dN/dS (w) for site classes (K=3)

p:   0.18872  0.55212  0.25915
w:   0.00000  0.00000  2.08557

Naive Empirical Bayes (NEB) probabilities for 3 classes & postmean_w & P(w>1)
(amino acids refer to 1st sequence: PITG_12650T0)

   1 M   0.18872 0.55212 0.25915 ( 2)  0.540  0.259
   2 G   0.18872 0.55212 0.25915 ( 2)  0.540  0.259
   3 T   0.18872 0.55212 0.25915 ( 2)  0.540  0.259
   4 D   0.18872 0.55212 0.25915 ( 2)  0.540  0.259
   5 A   0.18872 0.55212 0.25915 ( 2)  0.540  0.259
   6 K   0.18872 0.55212 0.25915 ( 2)  0.540  0.259
   7 I   0.18872 0.55212 0.25915 ( 2)  0.540  0.259
   8 S   0.18872 0.55212 0.25915 ( 2)  0.540  0.259
   9 N   0.18872 0.55212 0.25915 ( 2)  0.540  0.259
  10 L   0.18872 0.55212 0.25915 ( 2)  0.540  0.259
  11 V   0.18872 0.55212 0.25915 ( 2)  0.540  0.259
  12 S   0.18872 0.55212 0.25915 ( 2)  0.540  0.259
  13 Q   0.18872 0.55212 0.25915 ( 2)  0.540  0.259
  14 S   0.18872 0.55212 0.25915 ( 2)  0.540  0.259
  15 Q   0.18872 0.55212 0.25915 ( 2)  0.540  0.259
  16 H   0.18872 0.55212 0.25915 ( 2)  0.540  0.259
  17 S   0.18872 0.55212 0.25915 ( 2)  0.540  0.259
  18 R   0.18872 0.55212 0.25915 ( 2)  0.540  0.259
  19 T   0.18872 0.55212 0.25915 ( 2)  0.540  0.259
  20 G   0.18872 0.55212 0.25915 ( 2)  0.540  0.259
  21 S   0.18872 0.55212 0.25915 ( 2)  0.540  0.259
  22 H   0.18872 0.55212 0.25915 ( 2)  0.540  0.259
  23 W   0.18872 0.55212 0.25915 ( 2)  0.540  0.259
  24 W   0.18872 0.55212 0.25915 ( 2)  0.540  0.259
  25 M   0.20537 0.60084 0.19378 ( 2)  0.404  0.194
  26 T   0.19828 0.58011 0.22161 ( 2)  0.462  0.222
  27 V   0.20340 0.59507 0.20154 ( 2)  0.420  0.202
  28 V   0.19941 0.58339 0.21720 ( 2)  0.453  0.217
  29 S   0.00000 0.00000 1.00000 ( 3)  2.086  1.000
  30 S   0.20366 0.59582 0.20052 ( 2)  0.418  0.201
  31 F   0.20185 0.59053 0.20762 ( 2)  0.433  0.208
  32 P   0.19459 0.56930 0.23610 ( 2)  0.492  0.236
  33 T   0.20198 0.59092 0.20710 ( 2)  0.432  0.207
  34 Y   0.19757 0.57800 0.22443 ( 2)  0.468  0.224
  35 Q   0.19828 0.58009 0.22163 ( 2)  0.462  0.222
  36 S   0.19931 0.58309 0.21760 ( 2)  0.454  0.218
  37 I   0.20407 0.59704 0.19889 ( 2)  0.415  0.199
  38 P   0.19582 0.57288 0.23130 ( 2)  0.482  0.231
  39 F   0.19872 0.58137 0.21992 ( 2)  0.459  0.220
  40 S   0.00000 0.00000 1.00000 ( 3)  2.086  1.000
  41 D   0.20744 0.60689 0.18568 ( 2)  0.387  0.186
  42 P   0.19866 0.58121 0.22013 ( 2)  0.459  0.220
  43 A   0.20109 0.58833 0.21058 ( 2)  0.439  0.211
  44 K   0.20355 0.59551 0.20094 ( 2)  0.419  0.201
  45 E   0.20197 0.59088 0.20715 ( 2)  0.432  0.207
  46 E   0.20197 0.59088 0.20715 ( 2)  0.432  0.207
  47 S   0.19627 0.57421 0.22952 ( 2)  0.479  0.230
  48 W   0.19629 0.57427 0.22944 ( 2)  0.479  0.229
  49 Q   0.19828 0.58009 0.22163 ( 2)  0.462  0.222
  50 K   0.20355 0.59551 0.20094 ( 2)  0.419  0.201
  51 V   0.20115 0.58849 0.21036 ( 2)  0.439  0.210
  52 I   0.20028 0.58594 0.21378 ( 2)  0.446  0.214
  53 K   0.00000 0.00000 1.00000 ( 3)  2.086  1.000
  54 L   0.19741 0.57753 0.22506 ( 2)  0.469  0.225
  55 H   0.20002 0.58519 0.21479 ( 2)  0.448  0.215
  56 P   0.19582 0.57288 0.23130 ( 2)  0.482  0.231
  57 V   0.19941 0.58339 0.21720 ( 2)  0.453  0.217
  58 V   0.20115 0.58849 0.21036 ( 2)  0.439  0.210
  59 K   0.20355 0.59551 0.20094 ( 2)  0.419  0.201
  60 D   0.20366 0.59584 0.20050 ( 2)  0.418  0.201
  61 I   0.20407 0.59704 0.19889 ( 2)  0.415  0.199
  62 A   0.20336 0.59497 0.20167 ( 2)  0.421  0.202
  63 D   0.20744 0.60689 0.18568 ( 2)  0.387  0.186
  64 N   0.20632 0.60362 0.19006 ( 2)  0.396  0.190
  65 S   0.19931 0.58309 0.21760 ( 2)  0.454  0.218
  66 R   0.19850 0.58074 0.22076 ( 2)  0.460  0.221
  67 G   0.20372 0.59601 0.20027 ( 2)  0.418  0.200
  68 L   0.19566 0.57244 0.23189 ( 2)  0.484  0.232
  69 F   0.19872 0.58137 0.21992 ( 2)  0.459  0.220
  70 S   0.19627 0.57421 0.22952 ( 2)  0.479  0.230
  71 R   0.19586 0.57300 0.23115 ( 2)  0.482  0.231
  72 Y   0.20101 0.58807 0.21092 ( 2)  0.440  0.211
  73 F   0.20185 0.59053 0.20762 ( 2)  0.433  0.208
  74 V   0.20115 0.58849 0.21036 ( 2)  0.439  0.210
  75 D   0.20366 0.59584 0.20050 ( 2)  0.418  0.201
  76 A   0.20336 0.59497 0.20167 ( 2)  0.421  0.202
  77 V   0.20115 0.58849 0.21036 ( 2)  0.439  0.210
  78 V   0.19764 0.57821 0.22415 ( 2)  0.467  0.224
  79 Q   0.19615 0.57385 0.23001 ( 2)  0.480  0.230
  80 F   0.20185 0.59053 0.20762 ( 2)  0.433  0.208
  81 A   0.20336 0.59497 0.20167 ( 2)  0.421  0.202
  82 L   0.19566 0.57244 0.23189 ( 2)  0.484  0.232
  83 E   0.20496 0.59964 0.19540 ( 2)  0.408  0.195
  84 E   0.20197 0.59088 0.20715 ( 2)  0.432  0.207
  85 V   0.20340 0.59507 0.20154 ( 2)  0.420  0.202
  86 A   0.20109 0.58833 0.21058 ( 2)  0.439  0.211
  87 E   0.20197 0.59088 0.20715 ( 2)  0.432  0.207
  88 N   0.20632 0.60362 0.19006 ( 2)  0.396  0.190
  89 E   0.20197 0.59088 0.20715 ( 2)  0.432  0.207
  90 T   0.00000 0.00000 1.00000 ( 3)  2.086  1.000
  91 F   0.19941 0.58340 0.21718 ( 2)  0.453  0.217
  92 A   0.20336 0.59497 0.20167 ( 2)  0.421  0.202
  93 L   0.19741 0.57753 0.22506 ( 2)  0.469  0.225
  94 A   0.20109 0.58833 0.21058 ( 2)  0.439  0.211
  95 D   0.20366 0.59584 0.20050 ( 2)  0.418  0.201
  96 M   0.22388 0.65500 0.12112 ( 2)  0.253  0.121
  97 L   0.20024 0.58584 0.21392 ( 2)  0.446  0.214
  98 D   0.22104 0.64668 0.13227 ( 2)  0.276  0.132
  99 A   0.20899 0.61141 0.17960 ( 2)  0.375  0.180
 100 A   0.21618 0.63245 0.15137 ( 2)  0.316  0.151
 101 F   0.21127 0.61809 0.17064 ( 2)  0.356  0.171
 102 K   0.22078 0.64592 0.13330 ( 2)  0.278  0.133
 103 A   0.21618 0.63245 0.15137 ( 2)  0.316  0.151
 104 V   0.20919 0.61201 0.17880 ( 2)  0.373  0.179
 105 Y   0.00000 0.00000 1.00000 ( 3)  2.086  1.000
 106 V   0.21290 0.62286 0.16424 ( 2)  0.343  0.164
 107 K   0.22078 0.64592 0.13330 ( 2)  0.278  0.133
 108 A   0.22051 0.64511 0.13438 ( 2)  0.280  0.134
 109 Q   0.21036 0.61544 0.17420 ( 2)  0.363  0.174
 110 D   0.22772 0.66622 0.10605 ( 2)  0.221  0.106
 111 A   0.00000 0.00000 1.00000 ( 3)  2.086  1.000
 112 K   0.21490 0.62872 0.15638 ( 2)  0.326  0.156
 113 G   0.21598 0.63189 0.15213 ( 2)  0.317  0.152
 114 F   0.21153 0.61886 0.16961 ( 2)  0.354  0.170
 115 M   0.22388 0.65500 0.12112 ( 2)  0.253  0.121
 116 N   0.21870 0.63983 0.14148 ( 2)  0.295  0.141
 117 T   0.21781 0.63722 0.14498 ( 2)  0.302  0.145
 118 E   0.22344 0.65370 0.12286 ( 2)  0.256  0.123
 119 T   0.00000 0.00000 1.00000 ( 3)  2.086  1.000
 120 G   0.21672 0.63403 0.14925 ( 2)  0.311  0.149
 121 R   0.20958 0.61315 0.17727 ( 2)  0.370  0.177
 122 H   0.21873 0.63993 0.14134 ( 2)  0.295  0.141
 123 A   0.21618 0.63245 0.15137 ( 2)  0.316  0.151
 124 Q   0.21036 0.61544 0.17420 ( 2)  0.363  0.174
 125 L   0.20443 0.59810 0.19747 ( 2)  0.412  0.197
 126 M   0.22388 0.65500 0.12112 ( 2)  0.253  0.121
 127 A   0.21618 0.63245 0.15137 ( 2)  0.316  0.151
 128 L   0.20024 0.58584 0.21392 ( 2)  0.446  0.214
 129 S   0.20616 0.60315 0.19068 ( 2)  0.398  0.191
 130 Y   0.20894 0.61129 0.17977 ( 2)  0.375  0.180
 131 T   0.21043 0.61565 0.17391 ( 2)  0.363  0.174
 132 N   0.22567 0.66024 0.11409 ( 2)  0.238  0.114
 133 A   0.21268 0.62221 0.16512 ( 2)  0.344  0.165
 134 S   0.21391 0.62582 0.16026 ( 2)  0.334  0.160
 135 V   0.21571 0.63109 0.15320 ( 2)  0.320  0.153
 136 K   0.00000 0.00000 1.00000 ( 3)  2.086  1.000
 137 L   0.21343 0.62440 0.16217 ( 2)  0.338  0.162
 138 P   0.21114 0.61773 0.17113 ( 2)  0.357  0.171
 139 D   0.00000 0.00000 1.00000 ( 3)  2.086  1.000
 140 Y   0.20894 0.61129 0.17977 ( 2)  0.375  0.180
 141 T   0.21371 0.62523 0.16106 ( 2)  0.336  0.161
 142 I   0.22173 0.64870 0.12958 ( 2)  0.270  0.130
 143 S   0.00000 0.00000 1.00000 ( 3)  2.086  1.000
 144 A   0.22051 0.64511 0.13438 ( 2)  0.280  0.134
 145 T   0.21043 0.61565 0.17391 ( 2)  0.363  0.174
 146 S   0.22082 0.64603 0.13315 ( 2)  0.278  0.133
 147 C   0.00000 0.00000 1.00000 ( 3)  2.086  1.000
 148 D   0.22772 0.66622 0.10605 ( 2)  0.221  0.106
 149 D   0.22772 0.66622 0.10605 ( 2)  0.221  0.106
 150 D   0.22104 0.64668 0.13227 ( 2)  0.276  0.132
 151 G   0.00000 0.00000 1.00000 ( 3)  2.086  1.000
 152 S   0.22082 0.64603 0.13315 ( 2)  0.278  0.133
 153 E   0.21782 0.63725 0.14493 ( 2)  0.302  0.145
 154 P   0.21012 0.61472 0.17517 ( 2)  0.365  0.175
 155 P   0.21114 0.61773 0.17113 ( 2)  0.357  0.171
 156 L   0.20489 0.59943 0.19569 ( 2)  0.408  0.196
 157 K   0.21490 0.62872 0.15638 ( 2)  0.326  0.156
 158 K   0.00000 0.00000 1.00000 ( 3)  2.086  1.000
 159 S   0.22082 0.64603 0.13315 ( 2)  0.278  0.133
 160 K   0.21490 0.62872 0.15638 ( 2)  0.326  0.156
 161 V   0.21641 0.63314 0.15045 ( 2)  0.314  0.150
 162 G   0.21672 0.63403 0.14925 ( 2)  0.311  0.149
 163 V   0.22074 0.64581 0.13345 ( 2)  0.278  0.133
 164 Q   0.21036 0.61544 0.17420 ( 2)  0.363  0.174
 165 S   0.21391 0.62582 0.16026 ( 2)  0.334  0.160
 166 M   0.22388 0.65500 0.12112 ( 2)  0.253  0.121
 167 H   0.21873 0.63993 0.14134 ( 2)  0.295  0.141
 168 V   0.21641 0.63314 0.15045 ( 2)  0.314  0.150
 169 H   0.21873 0.63993 0.14134 ( 2)  0.295  0.141
 170 F   0.21748 0.63626 0.14626 ( 2)  0.305  0.146
 171 A   0.21618 0.63245 0.15137 ( 2)  0.316  0.151
 172 N   0.21870 0.63983 0.14148 ( 2)  0.295  0.141
 173 L   0.20858 0.61021 0.18121 ( 2)  0.378  0.181
 174 V   0.00000 0.00000 1.00000 ( 3)  2.086  1.000
 175 D   0.22772 0.66622 0.10605 ( 2)  0.221  0.106
 176 E   0.21782 0.63725 0.14493 ( 2)  0.302  0.145
 177 E   0.21782 0.63725 0.14493 ( 2)  0.302  0.145
 178 I   0.22173 0.64870 0.12958 ( 2)  0.270  0.130
 179 T   0.21781 0.63722 0.14498 ( 2)  0.302  0.145
 180 D   0.22772 0.66622 0.10605 ( 2)  0.221  0.106
 181 V   0.21641 0.63314 0.15045 ( 2)  0.314  0.150
 182 V   0.22074 0.64581 0.13345 ( 2)  0.278  0.133
 183 V   0.22074 0.64581 0.13345 ( 2)  0.278  0.133
 184 S   0.20002 0.58518 0.21480 ( 2)  0.448  0.215
 185 G   0.21672 0.63403 0.14925 ( 2)  0.311  0.149
 186 G   0.21289 0.62284 0.16427 ( 2)  0.343  0.164
 187 R   0.00000 0.00000 1.00000 ( 3)  2.086  1.000
 188 L   0.20343 0.59515 0.20142 ( 2)  0.420  0.201
 189 K   0.21490 0.62872 0.15638 ( 2)  0.326  0.156
 190 K   0.21543 0.63026 0.15431 ( 2)  0.322  0.154
 191 G   0.00000 0.00000 1.00000 ( 3)  2.086  1.000
 192 D   0.22772 0.66622 0.10605 ( 2)  0.221  0.106
 193 G   0.00000 0.00000 1.00000 ( 3)  2.086  1.000
 194 T   0.21043 0.61565 0.17391 ( 2)  0.363  0.174
 195 P   0.20513 0.60014 0.19473 ( 2)  0.406  0.195
 196 W   0.20616 0.60314 0.19070 ( 2)  0.398  0.191
 197 I   0.00000 0.00000 1.00000 ( 3)  2.086  1.000
 198 P   0.20244 0.59226 0.20530 ( 2)  0.428  0.205
 199 I   0.21454 0.62767 0.15779 ( 2)  0.329  0.158
 200 C   0.21386 0.62567 0.16048 ( 2)  0.335  0.160
 201 R   0.21081 0.61674 0.17246 ( 2)  0.360  0.172
 202 F   0.21720 0.63545 0.14735 ( 2)  0.307  0.147
 203 P   0.00000 0.00000 1.00000 ( 3)  2.086  1.000
 204 V   0.21290 0.62286 0.16424 ( 2)  0.343  0.164
 205 I   0.22173 0.64870 0.12958 ( 2)  0.270  0.130
 206 E   0.22344 0.65370 0.12286 ( 2)  0.256  0.123
 207 E   0.21782 0.63725 0.14493 ( 2)  0.302  0.145
 208 D   0.22104 0.64668 0.13227 ( 2)  0.276  0.132
 209 V   0.21641 0.63314 0.15045 ( 2)  0.314  0.150
 210 L   0.20858 0.61021 0.18121 ( 2)  0.378  0.181
 211 L   0.20483 0.59925 0.19592 ( 2)  0.409  0.196
 212 Y   0.20894 0.61129 0.17977 ( 2)  0.375  0.180
 213 L   0.20692 0.60536 0.18772 ( 2)  0.392  0.188
 214 A   0.21268 0.62221 0.16512 ( 2)  0.344  0.165
 215 V   0.21641 0.63314 0.15045 ( 2)  0.314  0.150
 216 L   0.20732 0.60653 0.18616 ( 2)  0.388  0.186
 217 G   0.22110 0.64685 0.13205 ( 2)  0.275  0.132
 218 G   0.20834 0.60952 0.18214 ( 2)  0.380  0.182
 219 K   0.22078 0.64592 0.13330 ( 2)  0.278  0.133
 220 E   0.22344 0.65370 0.12286 ( 2)  0.256  0.123
 221 L   0.00000 0.00000 1.00000 ( 3)  2.086  1.000
 222 S   0.20616 0.60315 0.19068 ( 2)  0.398  0.191
 223 A   0.21618 0.63245 0.15137 ( 2)  0.316  0.151
 224 Y   0.20894 0.61129 0.17977 ( 2)  0.375  0.180
 225 Y   0.20894 0.61129 0.17977 ( 2)  0.375  0.180
 226 D   0.22104 0.64668 0.13227 ( 2)  0.276  0.132
 227 Y   0.20894 0.61129 0.17977 ( 2)  0.375  0.180
 228 N   0.21870 0.63983 0.14148 ( 2)  0.295  0.141
 229 T   0.21043 0.61565 0.17391 ( 2)  0.363  0.174
 230 G   0.21672 0.63403 0.14925 ( 2)  0.311  0.149
 231 T   0.21371 0.62523 0.16106 ( 2)  0.336  0.161
 232 K   0.00000 0.00000 1.00000 ( 3)  2.086  1.000
 233 Y   0.21596 0.63181 0.15224 ( 2)  0.318  0.152
 234 S   0.20002 0.58518 0.21480 ( 2)  0.448  0.215
 235 T   0.20702 0.60566 0.18732 ( 2)  0.391  0.187
 236 A   0.22051 0.64511 0.13438 ( 2)  0.280  0.134
 237 S   0.00000 0.00000 1.00000 ( 3)  2.086  1.000
 238 V   0.22074 0.64581 0.13345 ( 2)  0.278  0.133
 239 F   0.21748 0.63626 0.14626 ( 2)  0.305  0.146
 240 D   0.22772 0.66622 0.10605 ( 2)  0.221  0.106
 241 E   0.22344 0.65370 0.12286 ( 2)  0.256  0.123
 242 F   0.21748 0.63626 0.14626 ( 2)  0.305  0.146
 243 R   0.20487 0.59936 0.19577 ( 2)  0.408  0.196
 244 R   0.20984 0.61392 0.17624 ( 2)  0.368  0.176
 245 R   0.19786 0.57887 0.22326 ( 2)  0.466  0.223
 246 I   0.22173 0.64870 0.12958 ( 2)  0.270  0.130
 247 G   0.21316 0.62364 0.16320 ( 2)  0.340  0.163
 248 N   0.22567 0.66024 0.11409 ( 2)  0.238  0.114
 249 E   0.21782 0.63725 0.14493 ( 2)  0.302  0.145
 250 P   0.20244 0.59226 0.20530 ( 2)  0.428  0.205
 251 H   0.21221 0.62085 0.16694 ( 2)  0.348  0.167
 252 G   0.20834 0.60952 0.18214 ( 2)  0.380  0.182
 253 N   0.22567 0.66024 0.11409 ( 2)  0.238  0.114
 254 T   0.20702 0.60566 0.18732 ( 2)  0.391  0.187
 255 N   0.22567 0.66024 0.11409 ( 2)  0.238  0.114
 256 A   0.22051 0.64511 0.13438 ( 2)  0.280  0.134
 257 L   0.20692 0.60536 0.18772 ( 2)  0.392  0.188
 258 R   0.00000 0.00000 1.00000 ( 3)  2.086  1.000
 259 N   0.00000 0.00000 1.00000 ( 3)  2.086  1.000
 260 N   0.22567 0.66024 0.11409 ( 2)  0.238  0.114
 261 Y   0.20894 0.61129 0.17977 ( 2)  0.375  0.180
 262 C   0.20773 0.60775 0.18452 ( 2)  0.385  0.185
 263 E   0.21782 0.63725 0.14493 ( 2)  0.302  0.145
 264 F   0.21127 0.61809 0.17064 ( 2)  0.356  0.171
 265 E   0.22344 0.65370 0.12286 ( 2)  0.256  0.123
 266 N   0.00000 0.00000 1.00000 ( 3)  2.086  1.000
 267 L   0.20496 0.59962 0.19542 ( 2)  0.408  0.195
 268 V   0.21641 0.63314 0.15045 ( 2)  0.314  0.150
 269 A   0.21986 0.64324 0.13690 ( 2)  0.286  0.137
 270 H   0.21873 0.63993 0.14134 ( 2)  0.295  0.141
 271 A   0.21578 0.63128 0.15295 ( 2)  0.319  0.153
 272 L   0.21343 0.62440 0.16217 ( 2)  0.338  0.162
 273 F   0.21127 0.61809 0.17064 ( 2)  0.356  0.171
 274 C   0.21386 0.62567 0.16048 ( 2)  0.335  0.160
 275 A   0.21618 0.63245 0.15137 ( 2)  0.316  0.151
 276 S   0.20616 0.60315 0.19068 ( 2)  0.398  0.191
 277 R   0.19804 0.57938 0.22258 ( 2)  0.464  0.223
 278 K   0.21490 0.62872 0.15638 ( 2)  0.326  0.156
 279 N   0.22567 0.66024 0.11409 ( 2)  0.238  0.114
 280 G   0.22110 0.64685 0.13205 ( 2)  0.275  0.132
 281 V   0.00000 0.00000 1.00000 ( 3)  2.086  1.000
 282 R   0.19786 0.57887 0.22326 ( 2)  0.466  0.223
 283 G   0.20834 0.60952 0.18214 ( 2)  0.380  0.182
 284 I   0.21454 0.62767 0.15779 ( 2)  0.329  0.158
 285 A   0.21268 0.62221 0.16512 ( 2)  0.344  0.165
 286 F   0.21748 0.63626 0.14626 ( 2)  0.305  0.146
 287 N   0.21870 0.63983 0.14148 ( 2)  0.295  0.141
 288 E   0.22344 0.65370 0.12286 ( 2)  0.256  0.123
 289 F   0.21127 0.61809 0.17064 ( 2)  0.356  0.171
 290 F   0.21127 0.61809 0.17064 ( 2)  0.356  0.171
 291 F   0.21748 0.63626 0.14626 ( 2)  0.305  0.146
 292 A   0.22051 0.64511 0.13438 ( 2)  0.280  0.134
 293 L   0.20858 0.61021 0.18121 ( 2)  0.378  0.181
 294 V   0.22074 0.64581 0.13345 ( 2)  0.278  0.133
 295 D   0.22772 0.66622 0.10605 ( 2)  0.221  0.106
 296 E   0.21782 0.63725 0.14493 ( 2)  0.302  0.145
 297 F   0.21748 0.63626 0.14626 ( 2)  0.305  0.146
 298 Q   0.21036 0.61544 0.17420 ( 2)  0.363  0.174
 299 D   0.22104 0.64668 0.13227 ( 2)  0.276  0.132
 300 E   0.21782 0.63725 0.14493 ( 2)  0.302  0.145
 301 F   0.00000 0.00000 1.00000 ( 3)  2.086  1.000
 302 N   0.00000 0.00000 1.00000 ( 3)  2.086  1.000
 303 P   0.20244 0.59226 0.20530 ( 2)  0.428  0.205
 304 T   0.20702 0.60566 0.18732 ( 2)  0.391  0.187
 305 K   0.21490 0.62872 0.15638 ( 2)  0.326  0.156
 306 F   0.00000 0.00000 1.00000 ( 3)  2.086  1.000
 307 -   0.18872 0.55212 0.25915 ( 2)  0.540  0.259
 308 A   0.21221 0.62084 0.16696 ( 2)  0.348  0.167
 309 S   0.22025 0.64437 0.13538 ( 2)  0.282  0.135
 310 A   0.21566 0.63094 0.15340 ( 2)  0.320  0.153
 311 L   0.20753 0.60716 0.18531 ( 2)  0.386  0.185
 312 L   0.20817 0.60903 0.18279 ( 2)  0.381  0.183
 313 E   0.21728 0.63568 0.14704 ( 2)  0.307  0.147
 314 R   0.20916 0.61192 0.17892 ( 2)  0.373  0.179
 315 Y   0.21490 0.62871 0.15640 ( 2)  0.326  0.156
 316 A   0.21994 0.64345 0.13661 ( 2)  0.285  0.137
 317 G   0.22053 0.64517 0.13430 ( 2)  0.280  0.134
 318 L   0.20817 0.60903 0.18279 ( 2)  0.381  0.183
 319 K   0.22021 0.64425 0.13554 ( 2)  0.283  0.136
 320 K   0.22021 0.64425 0.13554 ( 2)  0.283  0.136
 321 K   0.22021 0.64425 0.13554 ( 2)  0.283  0.136
 322 F   0.21082 0.61678 0.17239 ( 2)  0.360  0.172
 323 A   0.20858 0.61021 0.18121 ( 2)  0.378  0.181
 324 E   0.21728 0.63568 0.14704 ( 2)  0.307  0.147
 325 T   0.21000 0.61438 0.17562 ( 2)  0.366  0.176
 326 M   0.22329 0.65326 0.12345 ( 2)  0.257  0.123
 327 I   0.21405 0.62622 0.15974 ( 2)  0.333  0.160
 328 P   0.20738 0.60670 0.18592 ( 2)  0.388  0.186
 329 F   0.21695 0.63470 0.14835 ( 2)  0.309  0.148
 330 V   0.21589 0.63161 0.15250 ( 2)  0.318  0.152
 331 A   0.20858 0.61021 0.18121 ( 2)  0.378  0.181
 332 P   0.20215 0.59140 0.20645 ( 2)  0.431  0.206
 333 P   0.21070 0.61643 0.17287 ( 2)  0.361  0.173
 334 N   0.22507 0.65845 0.11648 ( 2)  0.243  0.116
 335 A   0.21566 0.63094 0.15340 ( 2)  0.320  0.153
 336 R   0.20916 0.61192 0.17892 ( 2)  0.373  0.179
 337 W   0.00000 0.00000 1.00000 ( 3)  2.086  1.000
 338 P   0.20738 0.60670 0.18592 ( 2)  0.388  0.186
 339 D   0.22710 0.66440 0.10850 ( 2)  0.226  0.108
 340 Y   0.21544 0.63030 0.15426 ( 2)  0.322  0.154
 341 I   0.22115 0.64700 0.13185 ( 2)  0.275  0.132
 342 L   0.00000 0.00000 1.00000 ( 3)  2.086  1.000
 343 G   0.21269 0.62225 0.16507 ( 2)  0.344  0.165
 344 A   0.21221 0.62084 0.16696 ( 2)  0.348  0.167
 345 C   0.20734 0.60661 0.18605 ( 2)  0.388  0.186
 346 G   0.22053 0.64517 0.13430 ( 2)  0.280  0.134
 347 A   0.21994 0.64345 0.13661 ( 2)  0.285  0.137
 348 G   0.22053 0.64517 0.13430 ( 2)  0.280  0.134
 349 D   0.22710 0.66440 0.10850 ( 2)  0.226  0.108
 350 G   0.22053 0.64517 0.13430 ( 2)  0.280  0.134
 351 D   0.22047 0.64501 0.13452 ( 2)  0.281  0.135
 352 C   0.20734 0.60661 0.18605 ( 2)  0.388  0.186
 353 K   0.00000 0.00000 1.00000 ( 3)  2.086  1.000
 354 F   0.21082 0.61678 0.17239 ( 2)  0.360  0.172
 355 G   0.21269 0.62225 0.16507 ( 2)  0.344  0.165
 356 H   0.21819 0.63833 0.14348 ( 2)  0.299  0.143
 357 L   0.21295 0.62300 0.16405 ( 2)  0.342  0.164
 358 F   0.00000 0.00000 1.00000 ( 3)  2.086  1.000
 359 R   0.20453 0.59837 0.19710 ( 2)  0.411  0.197
 360 A   0.21994 0.64345 0.13661 ( 2)  0.285  0.137
 361 K   0.22021 0.64425 0.13554 ( 2)  0.283  0.136
 362 D   0.22047 0.64501 0.13452 ( 2)  0.281  0.135
 363 S   0.21343 0.62441 0.16217 ( 2)  0.338  0.162
 364 K   0.00000 0.00000 1.00000 ( 3)  2.086  1.000
 365 R   0.20916 0.61192 0.17892 ( 2)  0.373  0.179
 366 L   0.20761 0.60740 0.18499 ( 2)  0.386  0.185
 367 D   0.22710 0.66440 0.10850 ( 2)  0.226  0.108
 368 C   0.21337 0.62425 0.16238 ( 2)  0.339  0.162
 369 Y   0.20853 0.61009 0.18138 ( 2)  0.378  0.181
 370 V   0.21589 0.63161 0.15250 ( 2)  0.318  0.152
 371 M   0.22329 0.65326 0.12345 ( 2)  0.257  0.123
 372 V   0.22017 0.64413 0.13570 ( 2)  0.283  0.136
 373 P   0.21070 0.61643 0.17287 ( 2)  0.361  0.173
 374 G   0.21619 0.63250 0.15131 ( 2)  0.316  0.151
 375 S   0.22025 0.64437 0.13538 ( 2)  0.282  0.135
 376 D   0.00000 0.00000 1.00000 ( 3)  2.086  1.000
 377 N   0.22507 0.65845 0.11648 ( 2)  0.243  0.116
 378 P   0.20215 0.59140 0.20645 ( 2)  0.431  0.206
 379 L   0.20449 0.59826 0.19725 ( 2)  0.411  0.197
 380 F   0.21082 0.61678 0.17239 ( 2)  0.360  0.172
 381 V   0.00000 0.00000 1.00000 ( 3)  2.086  1.000
 382 C   0.00000 0.00000 1.00000 ( 3)  2.086  1.000
 383 E   0.21728 0.63568 0.14704 ( 2)  0.307  0.147
 384 C   0.00000 0.00000 1.00000 ( 3)  2.086  1.000
 385 K   0.00000 0.00000 1.00000 ( 3)  2.086  1.000
 386 H   0.00000 0.00000 1.00000 ( 3)  2.086  1.000
 387 W   0.00000 0.00000 1.00000 ( 3)  2.086  1.000
 388 K   0.00000 0.00000 1.00000 ( 3)  2.086  1.000
 389 -   0.20563 0.60160 0.19277 ( 2)  0.402  0.193
 390 K   0.00000 0.00000 1.00000 ( 3)  2.086  1.000
 391 -   0.18872 0.55212 0.25915 ( 2)  0.540  0.259
 392 L   0.19496 0.57037 0.23468 ( 2)  0.489  0.235
 393 D   0.20769 0.60761 0.18471 ( 2)  0.385  0.185
 394 S   0.20304 0.59401 0.20295 ( 2)  0.423  0.203
 395 G   0.20773 0.60773 0.18454 ( 2)  0.385  0.185
 396 A   0.20446 0.59818 0.19736 ( 2)  0.412  0.197
 397 M   0.20969 0.61348 0.17683 ( 2)  0.369  0.177
 398 E   0.20934 0.61246 0.17819 ( 2)  0.372  0.178
 399 K   0.20751 0.60710 0.18539 ( 2)  0.387  0.185
 400 I   0.20382 0.59629 0.19989 ( 2)  0.417  0.200
 401 V   0.00000 0.00000 1.00000 ( 3)  2.086  1.000
 402 E   0.20934 0.61246 0.17819 ( 2)  0.372  0.178
 403 G   0.20773 0.60773 0.18454 ( 2)  0.385  0.185
 404 L   0.19676 0.57564 0.22760 ( 2)  0.475  0.228
 405 N   0.21097 0.61720 0.17183 ( 2)  0.358  0.172
 406 A   0.20732 0.60653 0.18615 ( 2)  0.388  0.186
 407 E   0.20934 0.61246 0.17819 ( 2)  0.372  0.178
 408 Y   0.20432 0.59778 0.19790 ( 2)  0.413  0.198
 409 T   0.19884 0.58173 0.21942 ( 2)  0.458  0.219
 410 G   0.20481 0.59921 0.19598 ( 2)  0.409  0.196
 411 R   0.20112 0.58839 0.21050 ( 2)  0.439  0.210
 412 A   0.20001 0.58514 0.21485 ( 2)  0.448  0.215
 413 G   0.20481 0.59921 0.19598 ( 2)  0.409  0.196
 414 R   0.19363 0.56650 0.23987 ( 2)  0.500  0.240
 415 D   0.21247 0.62160 0.16593 ( 2)  0.346  0.166
 416 G   0.20773 0.60773 0.18454 ( 2)  0.385  0.185
 417 Q   0.20084 0.58760 0.21156 ( 2)  0.441  0.212
 418 R   0.19363 0.56650 0.23987 ( 2)  0.500  0.240
 419 K   0.20751 0.60710 0.18539 ( 2)  0.387  0.185
 420 P   0.19620 0.57399 0.22981 ( 2)  0.479  0.230
 421 K   0.20751 0.60710 0.18539 ( 2)  0.387  0.185
 422 W   0.19834 0.58027 0.22139 ( 2)  0.462  0.221
 423 H   0.20615 0.60312 0.19073 ( 2)  0.398  0.191
 424 N   0.20612 0.60302 0.19086 ( 2)  0.398  0.191
 425 W   0.19834 0.58027 0.22139 ( 2)  0.462  0.221
 426 D   0.21247 0.62160 0.16593 ( 2)  0.346  0.166
 427 L   0.20273 0.59311 0.20416 ( 2)  0.426  0.204
 428 A   0.20446 0.59818 0.19736 ( 2)  0.412  0.197
 429 L   0.19878 0.58157 0.21965 ( 2)  0.458  0.220
 430 V   0.20238 0.59209 0.20553 ( 2)  0.429  0.206
 431 F   0.20532 0.60069 0.19399 ( 2)  0.405  0.194
 432 C   0.19927 0.58298 0.21775 ( 2)  0.454  0.218
 433 Y   0.20432 0.59778 0.19790 ( 2)  0.413  0.198
 434 E   0.20553 0.60131 0.19316 ( 2)  0.403  0.193
 435 L   0.20206 0.59116 0.20678 ( 2)  0.431  0.207
 436 T   0.20088 0.58771 0.21141 ( 2)  0.441  0.211
 437 Q   0.20084 0.58760 0.21156 ( 2)  0.441  0.212
 438 F   0.20140 0.58921 0.20939 ( 2)  0.437  0.209
 439 K   0.20751 0.60710 0.18539 ( 2)  0.387  0.185
 440 Q   0.20084 0.58760 0.21156 ( 2)  0.441  0.212
 441 K   0.20365 0.59582 0.20053 ( 2)  0.418  0.201
 442 K   0.00000 0.00000 1.00000 ( 3)  2.086  1.000
 443 V   0.20746 0.60695 0.18559 ( 2)  0.387  0.186
 444 G   0.20773 0.60773 0.18454 ( 2)  0.385  0.185
 445 A   0.20732 0.60653 0.18615 ( 2)  0.388  0.186
 446 W   0.19834 0.58027 0.22139 ( 2)  0.462  0.221
 447 K   0.20751 0.60710 0.18539 ( 2)  0.387  0.185
 448 F   0.20532 0.60069 0.19399 ( 2)  0.405  0.194
 449 H   0.00000 0.00000 1.00000 ( 3)  2.086  1.000
 450 G   0.20773 0.60773 0.18454 ( 2)  0.385  0.185
 451 T   0.00000 0.00000 1.00000 ( 3)  2.086  1.000
 452 G   0.20773 0.60773 0.18454 ( 2)  0.385  0.185
 453 I   0.20397 0.59675 0.19928 ( 2)  0.416  0.199
 454 V   0.20238 0.59209 0.20553 ( 2)  0.429  0.206
 455 T   0.20290 0.59361 0.20348 ( 2)  0.424  0.203
 456 V   0.20238 0.59209 0.20553 ( 2)  0.429  0.206
 457 D   0.21247 0.62160 0.16593 ( 2)  0.346  0.166
 458 C   0.19927 0.58298 0.21775 ( 2)  0.454  0.218
 459 K   0.20751 0.60710 0.18539 ( 2)  0.387  0.185
 460 T   0.20290 0.59361 0.20348 ( 2)  0.424  0.203
 461 W   0.19834 0.58027 0.22139 ( 2)  0.462  0.221
 462 V   0.20460 0.59858 0.19682 ( 2)  0.410  0.197
 463 K   0.20751 0.60710 0.18539 ( 2)  0.387  0.185
 464 K   0.20365 0.59582 0.20053 ( 2)  0.418  0.201
 465 W   0.19834 0.58027 0.22139 ( 2)  0.462  0.221
 466 I   0.20816 0.60901 0.18283 ( 2)  0.381  0.183
 467 I   0.20343 0.59514 0.20143 ( 2)  0.420  0.201
 468 E   0.20934 0.61246 0.17819 ( 2)  0.372  0.178
 469 P   0.19620 0.57399 0.22981 ( 2)  0.479  0.230
 470 G   0.20081 0.58750 0.21169 ( 2)  0.441  0.212
 471 A   0.20732 0.60653 0.18615 ( 2)  0.388  0.186
 472 G   0.20481 0.59921 0.19598 ( 2)  0.409  0.196
 473 E   0.20934 0.61246 0.17819 ( 2)  0.372  0.178
 474 K   0.20365 0.59582 0.20053 ( 2)  0.418  0.201
 475 L   0.19977 0.58444 0.21580 ( 2)  0.450  0.216
 476 V   0.20238 0.59209 0.20553 ( 2)  0.429  0.206
 477 I   0.20674 0.60486 0.18840 ( 2)  0.393  0.188
 478 V   0.20460 0.59858 0.19682 ( 2)  0.410  0.197
 479 L   0.20273 0.59311 0.20416 ( 2)  0.426  0.204
 480 Q   0.20084 0.58760 0.21156 ( 2)  0.441  0.212
 481 T   0.19931 0.58309 0.21760 ( 2)  0.454  0.218
 482 G   0.20481 0.59921 0.19598 ( 2)  0.409  0.196
 483 S   0.20755 0.60723 0.18522 ( 2)  0.386  0.185
 484 L   0.19977 0.58444 0.21580 ( 2)  0.450  0.216
 485 F   0.20532 0.60069 0.19399 ( 2)  0.405  0.194
 486 -   0.18872 0.55212 0.25915 ( 2)  0.540  0.259

Positively selected sites

	Prob(w>1)  mean w

    29 S      1.000**       2.086
    40 S      1.000**       2.086
    53 K      1.000**       2.086
    90 T      1.000**       2.086
   105 Y      1.000**       2.086
   111 A      1.000**       2.086
   119 T      1.000**       2.086
   136 K      1.000**       2.086
   139 D      1.000**       2.086
   143 S      1.000**       2.086
   147 C      1.000**       2.086
   151 G      1.000**       2.086
   158 K      1.000**       2.086
   174 V      1.000**       2.086
   187 R      1.000**       2.086
   191 G      1.000**       2.086
   193 G      1.000**       2.086
   197 I      1.000**       2.086
   203 P      1.000**       2.086
   221 L      1.000**       2.086
   232 K      1.000**       2.086
   237 S      1.000**       2.086
   258 R      1.000**       2.086
   259 N      1.000**       2.086
   266 N      1.000**       2.086
   281 V      1.000**       2.086
   301 F      1.000**       2.086
   302 N      1.000**       2.086
   306 F      1.000**       2.086
   337 W      1.000**       2.086
   342 L      1.000**       2.086
   353 K      1.000**       2.086
   358 F      1.000**       2.086
   364 K      1.000**       2.086
   376 D      1.000**       2.086
   381 V      1.000**       2.086
   382 C      1.000**       2.086
   384 C      1.000**       2.086
   385 K      1.000**       2.086
   386 H      1.000**       2.086
   387 W      1.000**       2.086
   388 K      1.000**       2.086
   390 K      1.000**       2.086
   401 V      1.000**       2.086
   442 K      1.000**       2.086
   449 H      1.000**       2.086
   451 T      1.000**       2.086


lnL = -2555.046757

