

Model 0: one-ratio

TREE # 1

  0  0.0000   2616.640914  x:  0.00173   0.05457   0.02511   0.02383   0.04387   0.04564   0.01277   0.01445   0.02403   0.01082   0.02063   0.00000   4.00000   5.00000  
  1 99.0000   2611.812705  x:  0.00170   0.05455   0.02515   0.02380   0.04387   0.04569   0.01278   0.01452   0.02396   0.01077   0.02061   0.01150   4.00000   5.00000  
  2 20939.5544   2611.041855  x:  0.00000   0.05342   0.02695   0.02211   0.04383   0.04656   0.01133   0.01530   0.02215   0.00785   0.01930   0.01149   3.99995   4.99982  
  3 187.3550   2610.256210  x:  0.00000   0.04853   0.03058   0.02403   0.04531   0.05402   0.00256   0.01805   0.01426   0.01064   0.01601   0.01147   3.99964   4.99871  
  4 120.7241   2610.009501  x:  0.00000   0.04779   0.03056   0.02431   0.04533   0.05656   0.00000   0.01844   0.01413   0.01040   0.01639   0.01147   3.99954   4.99836  
  5 156.8062   2609.830685  x:  0.00000   0.04763   0.03104   0.02370   0.04450   0.06481   0.00000   0.01795   0.01458   0.01077   0.01495   0.01148   3.99919   4.99714  
  6 170.5075   2609.818511  x:  0.00000   0.04833   0.03144   0.02352   0.04406   0.06538   0.00000   0.01787   0.01402   0.01088   0.01562   0.01148   3.99902   4.99657  
  7 18.5139   2609.810328  x:  0.00000   0.04894   0.03170   0.02400   0.04362   0.06551   0.00000   0.01863   0.01411   0.01076   0.01548   0.01147   3.99852   4.99487  
  8  9.8272   2609.709883  x:  0.00000   0.04880   0.03068   0.02619   0.04059   0.06535   0.00000   0.01732   0.01319   0.00963   0.01478   0.01149   3.98997   4.96562  
  9 20.9512   2608.835588  x:  0.00000   0.04396   0.03397   0.02591   0.03056   0.06338   0.00000   0.01705   0.01690   0.01235   0.01589   0.01160   3.91573   4.71171  
 10 359.0673   2591.174556  x:  0.00000   0.05873   0.04331   0.04124   0.02661   0.05348   0.00000   0.00000   0.03751   0.01175   0.01740   0.01311   2.83698   1.02192  
 11 2892.1709   2591.174556  x:  0.00000   0.05873   0.04331   0.04124   0.02661   0.05348   0.00000   0.00000   0.03751   0.01175   0.01740   0.01311   2.83698   1.02192  
 12 56381.4475   2576.626327  x:  0.00000   0.05873   0.04331   0.04123   0.02662   0.05348   0.00018   0.01472   0.03751   0.01174   0.01740   0.01312   2.83698   1.02192  
 13 289081.5324   2576.126249  x:  0.00000   0.05826   0.04278   0.04045   0.02738   0.05378   0.00000   0.01472   0.03675   0.01107   0.01739   0.01313   2.83698   1.02185  
 14 302.6768   2574.093612  x:  0.00000   0.05341   0.03589   0.02704   0.02348   0.05846   0.00000   0.01474   0.02326   0.01724   0.01775   0.00877   2.83677   1.02003  
 15 232.4295   2573.831617  x:  0.00000   0.05403   0.03676   0.02798   0.02613   0.06065   0.00000   0.01475   0.01882   0.01995   0.01762   0.00581   2.83662   1.01872  
 16 84.9341   2573.795447  x:  0.00000   0.05440   0.03727   0.02846   0.02587   0.06203   0.00000   0.01475   0.01756   0.01996   0.01760   0.00684   2.83648   1.01758  
 17 34.4664   2573.736378  x:  0.00000   0.05479   0.03807   0.02886   0.02456   0.06567   0.00000   0.01476   0.01732   0.01849   0.01763   0.00577   2.83599   1.01341  
 18 32.6209   2573.618985  x:  0.00000   0.05347   0.03797   0.02826   0.02587   0.07009   0.00000   0.01478   0.01993   0.02044   0.01778   0.00659   2.83415   0.99771  
 19 30.7844   2570.772770  x:  0.00000   0.04058   0.03726   0.03504   0.02392   0.07032   0.00000   0.01521   0.01860   0.02051   0.01167   0.00613   2.79292   0.64757  
 20 110.6160   2569.868016  x:  0.00000   0.04093   0.03739   0.03498   0.02411   0.06979   0.00000   0.01537   0.01821   0.02020   0.01705   0.00609   2.77760   0.51807  
 21 2481.2238   2569.587363  x:  0.00000   0.04578   0.03761   0.03218   0.02491   0.06961   0.00000   0.01542   0.01870   0.02015   0.01452   0.00626   2.77259   0.47741  
 22 466.5849   2569.535898  x:  0.00000   0.04478   0.04075   0.03056   0.02511   0.06921   0.00000   0.01551   0.01860   0.01990   0.01450   0.00626   2.75729   0.47710  
 23  2.4914   2565.961712  x:  0.00000   0.04618   0.03469   0.02411   0.02963   0.07057   0.00000   0.02124   0.01425   0.01017   0.01553   0.00465   1.84268   0.46822  
 24 114.1643   2565.322345  x:  0.00000   0.04838   0.03349   0.02193   0.03181   0.06961   0.00000   0.02133   0.01434   0.00569   0.01642   0.00513   2.05914   0.49900  
 25  0.8721   2565.301226  x:  0.00180   0.04844   0.03345   0.02186   0.03188   0.06958   0.00000   0.02133   0.01434   0.00555   0.01645   0.00515   2.06592   0.49997  
 26 94.8834   2564.924219  x:  0.00429   0.04996   0.03120   0.01861   0.03696   0.06857   0.00000   0.02078   0.01458   0.00834   0.01748   0.00606   2.21311   0.52291  
 27  0.2894   2564.732246  x:  0.00393   0.04875   0.03115   0.01784   0.04058   0.06706   0.00000   0.01817   0.01618   0.00723   0.01773   0.00742   2.09999   0.50434  
 28  0.1944   2564.674310  x:  0.00435   0.04765   0.03136   0.01702   0.04253   0.06780   0.00000   0.01961   0.01486   0.00684   0.01760   0.00664   2.11808   0.49532  
 29  0.0308   2564.669141  x:  0.00471   0.04800   0.03180   0.01677   0.04298   0.06790   0.00000   0.01973   0.01503   0.00685   0.01746   0.00644   2.11569   0.50017  
 30  0.0067   2564.668772  x:  0.00482   0.04800   0.03162   0.01672   0.04309   0.06790   0.00000   0.01968   0.01505   0.00688   0.01737   0.00640   2.11594   0.49986  
 31  0.0005   2564.668762  x:  0.00482   0.04800   0.03164   0.01672   0.04311   0.06787   0.00000   0.01965   0.01504   0.00688   0.01736   0.00641   2.11558   0.49972  
 32  0.0004   2564.668762  x:  0.00482   0.04800   0.03164   0.01672   0.04311   0.06787   0.00000   0.01966   0.01504   0.00688   0.01736   0.00641   2.11539   0.49968  

Model 3: discrete

TREE # 1

  0  0.0000   2582.124409  x:  0.05029   0.03728   0.03336   0.00000   0.06669   0.05300   0.03956   0.04906   0.02443   0.03626   0.02659   0.00474   2.11538   0.77822   0.73742   0.24984   0.64825   1.04234  
  1 99.0000   2582.123488  x:  0.05029   0.03728   0.03336   0.00000   0.06669   0.05300   0.03956   0.04906   0.02443   0.03626   0.02659   0.00474   2.11539   0.77822   0.73742   0.24984   0.64825   1.04234  
  2 487.3279   2580.197640  x:  0.04824   0.03686   0.03307   0.00000   0.06494   0.05281   0.03676   0.04568   0.02364   0.03122   0.02578   0.00098   2.11505   0.77825   0.73742   0.25060   0.64877   1.04224  
  3 703.3432   2574.332105  x:  0.04707   0.02581   0.03252   0.00000   0.06162   0.05405   0.02371   0.03057   0.02540   0.00689   0.02638   0.00177   2.11228   0.77836   0.73755   0.25794   0.65321   1.04118  
  4 670.5292   2572.445339  x:  0.05068   0.03339   0.03464   0.00000   0.06099   0.05989   0.00960   0.01942   0.02888   0.00366   0.02856   0.00193   2.10820   0.77850   0.73778   0.26922   0.65977   1.03951  
  5 197.8236   2571.394094  x:  0.04994   0.03289   0.03466   0.00000   0.05877   0.06320   0.00000   0.01400   0.02924   0.00634   0.02835   0.00207   2.10571   0.77860   0.73791   0.27597   0.66377   1.03851  
  6 420.7944   2568.891668  x:  0.04037   0.03296   0.03378   0.00000   0.04164   0.09427   0.00000   0.01438   0.02710   0.00776   0.02292   0.00231   2.08666   0.77939   0.73888   0.32753   0.69421   1.03083  
  7 219.0653   2566.819365  x:  0.02993   0.03372   0.03879   0.00000   0.04497   0.08977   0.00000   0.01629   0.01260   0.00856   0.02123   0.00259   2.06894   0.78028   0.73971   0.37479   0.72233   1.02363  
  8 159.0184   2565.702614  x:  0.02018   0.03592   0.03456   0.00000   0.04497   0.07967   0.00000   0.01909   0.01675   0.00921   0.01754   0.00296   2.05726   0.78099   0.74021   0.40542   0.74075   1.01885  
  9 281.8558   2565.502997  x:  0.02231   0.03672   0.03026   0.00000   0.04217   0.07632   0.00000   0.01968   0.01513   0.00922   0.01701   0.00303   2.05485   0.78125   0.74024   0.41117   0.74441   1.01784  
 10 87.8795   2565.483929  x:  0.02264   0.03671   0.03117   0.00000   0.04056   0.07539   0.00000   0.01992   0.01530   0.00924   0.01754   0.00304   2.05445   0.78143   0.74018   0.41148   0.74488   1.01765  
 11 18.3819   2565.480313  x:  0.02286   0.03667   0.03145   0.00000   0.04041   0.07524   0.00000   0.01984   0.01533   0.00919   0.01697   0.00304   2.05417   0.78166   0.74008   0.41120   0.74508   1.01750  
 12  5.5332   2565.437855  x:  0.02198   0.03658   0.03118   0.00000   0.03979   0.07461   0.00000   0.01825   0.01502   0.00829   0.01702   0.00293   2.04933   0.78593   0.73818   0.40486   0.74827   1.01476  
 13  7.7100   2565.432811  x:  0.02185   0.03656   0.03114   0.00096   0.03969   0.07451   0.00000   0.01800   0.01498   0.00815   0.01702   0.00292   2.04820   0.78690   0.73775   0.40353   0.74909   1.01415  
 14 21.1565   2563.772930  x:  0.02273   0.03790   0.03155   0.00000   0.04073   0.07302   0.00000   0.01711   0.01564   0.00731   0.01749   0.00291   1.87876   0.91910   0.67816   0.25185   0.89179   0.93057  
 15  7.8997   2563.379599  x:  0.02334   0.03965   0.03191   0.00000   0.04195   0.07138   0.00000   0.01707   0.01608   0.00703   0.01790   0.00304   1.61486   1.01452   0.65678   0.20109   0.80324   0.88371  
 16  4.3286   2563.379599  x:  0.02334   0.03965   0.03191   0.00000   0.04195   0.07138   0.00000   0.01707   0.01608   0.00703   0.01790   0.00304   1.61486   1.01452   0.65678   0.20109   0.80324   0.88371  
 17  0.8163   2563.167056  x:  0.02257   0.03558   0.03123   0.00000   0.03890   0.07540   0.00000   0.01709   0.01516   0.00766   0.01699   0.00271   1.64082   1.06900   0.48995   0.16711   0.85650   0.58838  
 18 860.8579   2562.415728  x:  0.02131   0.02986   0.03017   0.00000   0.03491   0.08025   0.00000   0.01657   0.01387   0.00805   0.01566   0.00204   1.61535   0.99368   0.33723   0.05659   0.99177   0.13667  
 19  4.1742   2562.378393  x:  0.02121   0.02940   0.03009   0.00180   0.03459   0.08064   0.00000   0.01652   0.01376   0.00808   0.01555   0.00199   1.61334   0.98761   0.32496   0.04768   1.00268   0.10017  
 20 942.1684   2562.268685  x:  0.02075   0.02889   0.02991   0.00012   0.03401   0.08111   0.00000   0.01652   0.01342   0.00819   0.01530   0.00194   1.63565   0.98099   0.33799   0.03483   1.02390   0.00000  
 21  1.8923   2562.268685  x:  0.02075   0.02889   0.02991   0.00012   0.03401   0.08111   0.00000   0.01652   0.01342   0.00819   0.01530   0.00194   1.63565   0.98099   0.33799   0.03483   1.02390   0.00000  
 22  1.0818   2560.471844  x:  0.02232   0.03649   0.03142   0.00169   0.03666   0.08006   0.00000   0.01849   0.01370   0.00647   0.01628   0.01327   1.63572   0.98088   0.33814   0.03488   1.02422   0.00000  
 23 450.9567   2559.320742  x:  0.02235   0.04963   0.03397   0.00172   0.04194   0.07640   0.00000   0.01945   0.01725   0.00698   0.01792   0.00919   1.63591   0.98050   0.33866   0.03513   1.02527   0.00005  
 24 175.9800   2559.191703  x:  0.02089   0.05109   0.03324   0.00026   0.04304   0.07407   0.00000   0.01953   0.01513   0.00594   0.01737   0.00884   1.63606   0.98018   0.33910   0.03540   1.02613   0.00011  
 25 62.2785   2559.139422  x:  0.02087   0.05138   0.03246   0.00024   0.04385   0.07206   0.00000   0.01962   0.01406   0.00711   0.01704   0.00886   1.63622   0.97986   0.33955   0.03566   1.02700   0.00017  
 26 61.7484   2559.073908  x:  0.02171   0.05088   0.03115   0.00108   0.04493   0.06829   0.00000   0.01971   0.01421   0.00647   0.01690   0.00872   1.63659   0.97913   0.34056   0.03623   1.02899   0.00029  
 27 55.0271   2559.033170  x:  0.02107   0.05029   0.03098   0.00044   0.04496   0.06562   0.00000   0.01961   0.01551   0.00670   0.01729   0.00919   1.63699   0.97835   0.34164   0.03680   1.03115   0.00040  
 28 46.3023   2558.983233  x:  0.02132   0.05016   0.03300   0.00069   0.04405   0.06384   0.00000   0.01811   0.01517   0.00667   0.01732   0.00931   1.63801   0.97640   0.34433   0.03808   1.03654   0.00062  
 29 26.3126   2558.629842  x:  0.02190   0.05136   0.03450   0.00127   0.03922   0.06314   0.00000   0.02270   0.01491   0.00670   0.01526   0.00867   1.64733   0.95889   0.36853   0.04874   1.08532   0.00227  
 30 60.0095   2557.867321  x:  0.02203   0.05227   0.03126   0.00140   0.03964   0.06766   0.00000   0.02129   0.01379   0.00673   0.02200   0.00853   1.66920   0.91827   0.42464   0.07228   1.19878   0.00556  
 31 450.7608   2557.478809  x:  0.02141   0.05145   0.03105   0.00079   0.04470   0.07103   0.00000   0.01854   0.01582   0.00690   0.01770   0.00925   1.67975   0.89920   0.45094   0.08217   1.25240   0.00656  
 32 507.6708   2557.436171  x:  0.02130   0.05033   0.03266   0.00067   0.04655   0.07122   0.00000   0.01987   0.01547   0.00687   0.01823   0.00913   1.68139   0.89713   0.45374   0.08133   1.25888   0.00575  
 33 48.7425   2557.238286  x:  0.02130   0.05032   0.03265   0.00067   0.04646   0.07103   0.00000   0.01987   0.01543   0.00685   0.01820   0.00911   1.68715   0.89262   0.45957   0.07121   1.27586   0.00000  
 34 31.9807   2556.384872  x:  0.02121   0.05041   0.03264   0.00061   0.04669   0.07149   0.00000   0.01978   0.01550   0.00688   0.01810   0.00881   1.96831   0.96372   0.44379   0.00000   1.29858   0.00000  
 35  1.4832   2555.760295  x:  0.02119   0.05060   0.03259   0.00066   0.04614   0.07074   0.00000   0.01967   0.01533   0.00683   0.01767   0.00806   2.27288   0.97961   0.58475   0.00000   1.47561   0.00000  
 36  1.6613   2555.189194  x:  0.02107   0.05028   0.03233   0.00060   0.04635   0.07020   0.00000   0.01925   0.01517   0.00676   0.01725   0.00755   2.15344   1.16503   0.39080   0.00000   1.86603   0.00000  
 37  2.0569   2555.061335  x:  0.02105   0.05010   0.03247   0.00083   0.04443   0.06905   0.00000   0.01977   0.01497   0.00682   0.01737   0.00632   2.16792   1.07618   0.35864   0.00000   1.99659   0.00000  
 38  0.1012   2555.047686  x:  0.02097   0.04948   0.03254   0.00078   0.04481   0.06948   0.00000   0.01956   0.01494   0.00685   0.01722   0.00651   2.14978   1.08011   0.32031   0.00000   2.07097   0.00000  
 39  0.0736   2555.046867  x:  0.02097   0.04960   0.03247   0.00079   0.04499   0.06964   0.00000   0.01955   0.01492   0.00682   0.01725   0.00651   2.15385   1.07223   0.31767   0.00000   2.08297   0.00000  
 40  0.0100   2555.046761  x:  0.02098   0.04971   0.03250   0.00080   0.04498   0.06963   0.00000   0.01957   0.01496   0.00683   0.01727   0.00655   2.15452   1.07361   0.31691   0.00000   2.08611   0.00000  
 41  0.0023   2555.046757  x:  0.02098   0.04972   0.03251   0.00080   0.04498   0.06961   0.00000   0.01957   0.01496   0.00683   0.01726   0.00656   2.15467   1.07351   0.31717   0.00000   2.08555   0.00000  
 42  0.0006   2555.046757  x:  0.02098   0.04972   0.03251   0.00080   0.04498   0.06961   0.00000   0.01957   0.01496   0.00683   0.01726   0.00656   2.15463   1.07350   0.31715   0.00000   2.08558   0.00000  
 43  0.0001   2555.046757  x:  0.02098   0.04972   0.03251   0.00080   0.04498   0.06961   0.00000   0.01957   0.01496   0.00683   0.01726   0.00656   2.15463   1.07351   0.31715   0.00000   2.08557   0.00000  