Supplemental results for CODEML (seqf: alignment.phy  treef: aa.ph)


Model 0: one-ratio

Model 3: discrete

MLEs of dN/dS (w) for site classes (K=3)

p:   0.51780  0.26982  0.21238
w:   0.00000  0.00000  3.44880

Naive Empirical Bayes (NEB) probabilities for 3 classes & postmean_w & P(w>1)
(amino acids refer to 1st sequence: PITG_22721T0)

   1 M   0.59552 0.31032 0.09416 ( 1)  0.325  0.094
   2 S   0.56515 0.29450 0.14035 ( 1)  0.484  0.140
   3 C   0.55915 0.29137 0.14948 ( 1)  0.516  0.149
   4 P   0.59910 0.31219 0.08871 ( 1)  0.306  0.089
   5 L   0.56915 0.29659 0.13426 ( 1)  0.463  0.134
   6 C   0.00000 0.00000 1.00000 ( 3)  3.449  1.000
   7 S   0.59253 0.30877 0.09870 ( 1)  0.340  0.099
   8 R   0.55221 0.28775 0.16004 ( 1)  0.552  0.160
   9 A   0.59706 0.31113 0.09181 ( 1)  0.317  0.092
  10 R   0.55095 0.28710 0.16195 ( 1)  0.559  0.162
  11 T   0.58910 0.30698 0.10392 ( 1)  0.358  0.104
  12 F   0.00000 0.00000 1.00000 ( 3)  3.449  1.000
  13 N   0.54649 0.28477 0.16874 ( 1)  0.582  0.169
  14 S   0.55682 0.29016 0.15302 ( 1)  0.528  0.153
  15 A   0.59074 0.30783 0.10143 ( 1)  0.350  0.101
  16 A   0.00000 0.00000 1.00000 ( 3)  3.449  1.000
  17 R   0.56060 0.29213 0.14727 ( 1)  0.508  0.147
  18 T   0.57765 0.30101 0.12134 ( 1)  0.418  0.121
  19 S   0.57384 0.29903 0.12713 ( 1)  0.438  0.127
  20 R   0.57530 0.29979 0.12491 ( 1)  0.431  0.125
  21 T   0.56273 0.29324 0.14404 ( 1)  0.497  0.144
  22 R   0.56992 0.29699 0.13309 ( 1)  0.459  0.133
  23 P   0.59315 0.30909 0.09775 ( 1)  0.337  0.098
  24 P   0.00000 0.00000 1.00000 ( 3)  3.449  1.000
  25 L   0.57837 0.30138 0.12025 ( 1)  0.415  0.120
  26 T   0.58341 0.30401 0.11257 ( 1)  0.388  0.113
  27 R   0.55934 0.29147 0.14919 ( 1)  0.515  0.149
  28 C   0.55915 0.29137 0.14948 ( 1)  0.516  0.149
  29 A   0.59706 0.31113 0.09181 ( 1)  0.317  0.092
  30 P   0.56198 0.29285 0.14517 ( 1)  0.501  0.145
  31 R   0.55095 0.28710 0.16195 ( 1)  0.559  0.162
  32 L   0.58983 0.30736 0.10282 ( 1)  0.355  0.103
  33 P   0.56198 0.29285 0.14517 ( 1)  0.501  0.145
  34 A   0.59105 0.30799 0.10096 ( 1)  0.348  0.101
  35 T   0.58341 0.30401 0.11257 ( 1)  0.388  0.113
  36 P   0.57063 0.29735 0.13202 ( 1)  0.455  0.132
  37 C   0.56570 0.29478 0.13952 ( 1)  0.481  0.140
  38 S   0.60327 0.31436 0.08236 ( 1)  0.284  0.082
  39 L   0.58983 0.30736 0.10282 ( 1)  0.355  0.103
  40 T   0.58910 0.30698 0.10392 ( 1)  0.358  0.104
  41 -   0.51780 0.26982 0.21238 ( 1)  0.732  0.212

Positively selected sites

	Prob(w>1)  mean w

     6 C      1.000**       3.449
    12 F      1.000**       3.449
    16 A      1.000**       3.449
    24 P      1.000**       3.449


lnL =  -220.869025

