

Model 0: one-ratio

TREE # 1

  0  0.0000    230.025942  x:  0.00433   0.00352   0.00449   0.03122   0.04690   0.00635   0.04420   0.00000   0.01172   0.02108   0.01694   0.01706   0.00686   0.03094   0.01287   0.00825   0.05133   0.03664   0.02129   0.02165   4.00000   5.00000  
  1 99.0000    230.025439  x:  0.00433   0.00352   0.00449   0.03122   0.04690   0.00635   0.04420   0.00000   0.01172   0.02108   0.01694   0.01706   0.00685   0.03094   0.01287   0.00825   0.05133   0.03664   0.02129   0.02165   4.00000   5.00000  
  2 127.6809    228.474715  x:  0.00391   0.00000   0.00098   0.03080   0.04551   0.00261   0.04470   0.00000   0.01249   0.01678   0.01287   0.01300   0.00278   0.03034   0.00880   0.00417   0.05147   0.03602   0.02187   0.01773   3.99999   4.99992  
  3 3461.0180    228.081519  x:  0.00388   0.00000   0.00000   0.03076   0.04520   0.00157   0.04484   0.00000   0.01273   0.01562   0.01175   0.01187   0.00165   0.03025   0.00767   0.00304   0.05147   0.03582   0.02189   0.01665   3.99999   4.99990  
  4 29385.1906    227.559698  x:  0.00382   0.00000   0.00000   0.03071   0.04478   0.00004   0.04503   0.00000   0.01308   0.01397   0.01011   0.01023   0.00000   0.03014   0.00603   0.00140   0.05147   0.03553   0.02196   0.01507   3.99998   4.99987  
  5 657785.4641    227.550645  x:  0.00381   0.00000   0.00000   0.03070   0.04477   0.00000   0.04503   0.00000   0.01308   0.01395   0.01007   0.01019   0.00000   0.03013   0.00600   0.00137   0.05147   0.03553   0.02196   0.01504   3.99998   4.99987  
  6 3224.4214    227.234835  x:  0.00397   0.00000   0.00000   0.03086   0.04444   0.00000   0.04509   0.00000   0.01331   0.01294   0.00872   0.00882   0.00000   0.02988   0.00464   0.00000   0.05163   0.03558   0.02208   0.01374   3.99997   4.99985  
  7 1470.0103    226.344632  x:  0.00360   0.00000   0.00000   0.03049   0.04296   0.00000   0.04528   0.00000   0.01399   0.00960   0.00409   0.00418   0.00000   0.03053   0.00000   0.00000   0.05152   0.03483   0.02220   0.00929   3.99995   4.99978  
  8 1156.6325    225.738838  x:  0.00349   0.00000   0.00000   0.03038   0.04290   0.00000   0.04544   0.00000   0.01436   0.00666   0.00000   0.00017   0.00000   0.02974   0.00000   0.00000   0.05050   0.03401   0.02228   0.00536   3.99994   4.99971  
  9 575.8393    225.721610  x:  0.00349   0.00000   0.00000   0.03038   0.04290   0.00000   0.04544   0.00000   0.01437   0.00655   0.00000   0.00000   0.00000   0.02974   0.00000   0.00000   0.05050   0.03402   0.02228   0.00520   3.99994   4.99971  
 10 814.2733    225.417610  x:  0.00338   0.00000   0.00000   0.03027   0.04265   0.00000   0.04484   0.00000   0.01466   0.00416   0.00000   0.00000   0.00000   0.02945   0.00000   0.00000   0.05087   0.03361   0.02232   0.00000   3.99992   4.99963  
 11 631.0442    225.215225  x:  0.00309   0.00000   0.00000   0.02998   0.04101   0.00000   0.04606   0.00000   0.01529   0.00000   0.00000   0.00000   0.00000   0.02884   0.00000   0.00000   0.05057   0.03392   0.02223   0.00000   3.99981   4.99941  
 12 64.7443    225.211787  x:  0.00288   0.00000   0.00000   0.02978   0.04209   0.00000   0.04779   0.00000   0.01539   0.00000   0.00000   0.00000   0.00000   0.02869   0.00000   0.00000   0.05231   0.03268   0.02215   0.00000   3.99949   4.99721  
 13  1.2585    224.790028  x:  0.00273   0.00000   0.00000   0.02968   0.02023   0.00000   0.05241   0.00000   0.01739   0.00000   0.00000   0.00000   0.00000   0.02750   0.00000   0.00000   0.05236   0.02208   0.02537   0.00000   3.94259   4.60666  
 14  1.7594    224.260818  x:  0.00000   0.00000   0.00000   0.02712   0.02417   0.00000   0.05572   0.00000   0.02835   0.00000   0.00000   0.00000   0.00000   0.02836   0.00000   0.00000   0.04413   0.01843   0.03308   0.00000   3.85176   3.96568  
 15  2.4530    224.260818  x:  0.00000   0.00000   0.00000   0.02712   0.02417   0.00000   0.05572   0.00000   0.02835   0.00000   0.00000   0.00000   0.00000   0.02836   0.00000   0.00000   0.04413   0.01843   0.03308   0.00000   3.85176   3.96568  
 16  5.9868    224.134070  x:  0.00190   0.00000   0.00000   0.02902   0.02648   0.00000   0.05434   0.00000   0.02579   0.00000   0.00000   0.00000   0.00000   0.02569   0.00000   0.00000   0.04815   0.02891   0.02830   0.00000   3.85171   3.96513  
 17 21.3320    224.121715  x:  0.00092   0.00000   0.00000   0.02804   0.02717   0.00000   0.05295   0.00000   0.02457   0.00000   0.00000   0.00000   0.00000   0.02496   0.00000   0.00000   0.05063   0.02777   0.02583   0.00000   3.85164   3.96438  
 18  5.7238    224.119723  x:  0.00159   0.00000   0.00000   0.02871   0.02712   0.00000   0.05206   0.00000   0.02474   0.00000   0.00000   0.00000   0.00000   0.02517   0.00000   0.00000   0.05180   0.02731   0.02594   0.00000   3.85155   3.96345  
 19  2.2535    224.118277  x:  0.00118   0.00000   0.00000   0.02829   0.02691   0.00000   0.05127   0.00000   0.02510   0.00000   0.00000   0.00000   0.00000   0.02536   0.00000   0.00000   0.05256   0.02764   0.02667   0.00000   3.85137   3.96136  
 20  1.6308    224.041784  x:  0.00156   0.00000   0.00000   0.02867   0.02528   0.00000   0.04350   0.00000   0.02029   0.00000   0.00000   0.00000   0.00000   0.02139   0.00000   0.00000   0.04788   0.02744   0.02898   0.00000   3.83671   3.79928  
 21  2.5372    223.429876  x:  0.00104   0.00000   0.00000   0.02813   0.03182   0.00000   0.02358   0.00000   0.02671   0.00000   0.00000   0.00000   0.00000   0.02906   0.00000   0.00000   0.03314   0.02845   0.02117   0.00000   3.72877   2.60525  
 22 218.7630    221.893210  x:  0.00078   0.00000   0.00000   0.02784   0.03501   0.00000   0.01659   0.00000   0.02615   0.00000   0.00000   0.00000   0.00000   0.03081   0.00000   0.00000   0.02834   0.02781   0.02092   0.00000   3.56214   0.76191  
 23 2361.9765    221.886953  x:  0.00080   0.00000   0.00000   0.02786   0.03205   0.00000   0.01664   0.00000   0.02686   0.00000   0.00000   0.00000   0.00000   0.03064   0.00000   0.00000   0.02834   0.02802   0.01968   0.00000   3.56105   0.75237  
 24  5.5607    221.632297  x:  0.00091   0.00000   0.00000   0.02796   0.03470   0.00000   0.02109   0.00000   0.03185   0.00000   0.00000   0.00000   0.00000   0.02423   0.00000   0.00000   0.02985   0.02696   0.02034   0.00000   3.52473   0.54438  
 25  3.0535    221.586327  x:  0.00077   0.00000   0.00000   0.02782   0.03376   0.00000   0.02206   0.00000   0.02701   0.00000   0.00000   0.00000   0.00000   0.03017   0.00000   0.00000   0.03022   0.02757   0.02056   0.00000   3.51767   0.50589  
 26 40.3821    220.799782  x:  0.00075   0.00000   0.00000   0.02779   0.02474   0.00000   0.04216   0.00000   0.02391   0.00000   0.00000   0.00000   0.00000   0.03238   0.00000   0.00000   0.04487   0.02721   0.02209   0.00000   3.44994   0.84207  
 27  1.0115    220.661764  x:  0.00115   0.00000   0.00000   0.02817   0.02708   0.00000   0.04341   0.00000   0.02693   0.00000   0.00000   0.00000   0.00000   0.02388   0.00000   0.00000   0.05450   0.02628   0.02697   0.00000   3.27383   0.73662  
 28  0.1812    220.598201  x:  0.00124   0.00000   0.00000   0.02825   0.02830   0.00000   0.05065   0.00000   0.02341   0.00000   0.00000   0.00000   0.00000   0.02421   0.00000   0.00000   0.05062   0.02726   0.02731   0.00000   2.98822   0.65305  
 29  0.1526    220.590426  x:  0.00111   0.00000   0.00000   0.02812   0.02628   0.00000   0.05208   0.00000   0.02513   0.00000   0.00000   0.00000   0.00000   0.02524   0.00000   0.00000   0.05067   0.02697   0.02637   0.00000   2.91395   0.65419  
 30  0.0685    220.589246  x:  0.00106   0.00000   0.00000   0.02807   0.02708   0.00000   0.05233   0.00000   0.02501   0.00000   0.00000   0.00000   0.00000   0.02563   0.00000   0.00000   0.05130   0.02679   0.02591   0.00000   2.87955   0.65908  
 31  0.0389    220.588897  x:  0.00110   0.00000   0.00000   0.02810   0.02682   0.00000   0.05229   0.00000   0.02479   0.00000   0.00000   0.00000   0.00000   0.02540   0.00000   0.00000   0.05169   0.02681   0.02608   0.00000   2.84852   0.65955  
 32  0.0233    220.588797  x:  0.00111   0.00000   0.00000   0.02811   0.02691   0.00000   0.05206   0.00000   0.02490   0.00000   0.00000   0.00000   0.00000   0.02531   0.00000   0.00000   0.05144   0.02690   0.02612   0.00000   2.83992   0.66185  
 33  0.0053    220.588772  x:  0.00110   0.00000   0.00000   0.02810   0.02689   0.00000   0.05189   0.00000   0.02486   0.00000   0.00000   0.00000   0.00000   0.02539   0.00000   0.00000   0.05140   0.02686   0.02609   0.00000   2.83618   0.66056  
 34  0.0027    220.588772  x:  0.00110   0.00000   0.00000   0.02810   0.02689   0.00000   0.05189   0.00000   0.02487   0.00000   0.00000   0.00000   0.00000   0.02538   0.00000   0.00000   0.05141   0.02685   0.02609   0.00000   2.83601   0.66039  
 35  0.0003    220.588772  x:  0.00110   0.00000   0.00000   0.02810   0.02689   0.00000   0.05188   0.00000   0.02487   0.00000   0.00000   0.00000   0.00000   0.02538   0.00000   0.00000   0.05141   0.02685   0.02609   0.00000   2.83608   0.66041  
 36  0.0001    220.588772  x:  0.00110   0.00000   0.00000   0.02810   0.02689   0.00000   0.05188   0.00000   0.02487   0.00000   0.00000   0.00000   0.00000   0.02538   0.00000   0.00000   0.05141   0.02685   0.02609   0.00000   2.83607   0.66041  
 37  0.0000    220.588772  x:  0.00110   0.00000   0.00000   0.02810   0.02689   0.00000   0.05188   0.00000   0.02487   0.00000   0.00000   0.00000   0.00000   0.02538   0.00000   0.00000   0.05141   0.02685   0.02609   0.00000   2.83608   0.66041  

Model 3: discrete

TREE # 1

  0  0.0000    237.701295  x:  0.00000   0.05811   0.01035   0.07399   0.03402   0.07238   0.08082   0.01526   0.05960   0.05298   0.04884   0.03267   0.02127   0.05130   0.06289   0.04216   0.06585   0.03419   0.04102   0.01158   2.83608   0.18980   0.32616   0.33020   0.73826   1.22241  
  1 99.0000    237.700637  x:  0.00000   0.05810   0.01035   0.07399   0.03402   0.07238   0.08082   0.01526   0.05959   0.05298   0.04884   0.03267   0.02127   0.05129   0.06289   0.04216   0.06585   0.03419   0.04102   0.01157   2.83608   0.18980   0.32616   0.33020   0.73826   1.22241  
  2 123.3914    233.213475  x:  0.00000   0.04787   0.00000   0.06945   0.03301   0.06137   0.07793   0.01090   0.05427   0.04319   0.03706   0.02084   0.00943   0.04692   0.05114   0.03037   0.06355   0.03228   0.03854   0.00017   2.83609   0.18984   0.32614   0.33001   0.73817   1.22245  
  3 8153.0293    233.157128  x:  0.00000   0.04772   0.00000   0.06943   0.03303   0.06122   0.07789   0.01094   0.05417   0.04308   0.03690   0.02068   0.00927   0.04683   0.05098   0.03020   0.06348   0.03221   0.03850   0.00000   2.83609   0.18984   0.32614   0.33000   0.73817   1.22246  
  4 1399.5278    230.583954  x:  0.00000   0.03965   0.00000   0.06830   0.03137   0.05254   0.07615   0.01362   0.05102   0.04168   0.02769   0.01141   0.00000   0.04501   0.04168   0.02100   0.05950   0.02787   0.03787   0.00000   2.83610   0.18989   0.32610   0.32967   0.73809   1.22260  
  5 1535.1057    227.835318  x:  0.00000   0.02966   0.00000   0.06746   0.02843   0.04182   0.07391   0.01699   0.04682   0.03940   0.01632   0.00000   0.00000   0.04289   0.03020   0.00963   0.05443   0.02246   0.03748   0.00000   2.83613   0.18997   0.32604   0.32921   0.73799   1.22282  
  6 44030.5154    225.979425  x:  0.00000   0.02125   0.00000   0.07015   0.03062   0.03266   0.07140   0.01548   0.04502   0.03811   0.00674   0.00000   0.00000   0.04340   0.02063   0.00000   0.04856   0.01791   0.03779   0.00000   2.83618   0.19024   0.32569   0.32652   0.73779   1.22427  
  7 241.6082    224.940468  x:  0.00000   0.01537   0.00000   0.07006   0.02969   0.02629   0.07003   0.01617   0.04413   0.03786   0.00000   0.00000   0.00000   0.04226   0.01397   0.00000   0.04609   0.01690   0.03619   0.00000   2.83623   0.19049   0.32535   0.32390   0.73762   1.22569  
  8 407.5083    223.318430  x:  0.00000   0.00305   0.00000   0.06844   0.02836   0.01298   0.06800   0.01824   0.04184   0.03672   0.00000   0.00000   0.00000   0.03998   0.00000   0.00000   0.04391   0.01270   0.03574   0.00000   2.83633   0.19102   0.32462   0.31829   0.73726   1.22871  
  9 1479.9937    223.048650  x:  0.00000   0.00000   0.00000   0.06744   0.02812   0.00967   0.06779   0.01879   0.04101   0.03645   0.00000   0.00000   0.00000   0.03982   0.00000   0.00000   0.04259   0.01222   0.03612   0.00000   2.83635   0.19115   0.32444   0.31691   0.73718   1.22945  
 10 512.7050    222.629582  x:  0.00000   0.00000   0.00000   0.06656   0.02774   0.00000   0.06740   0.02033   0.04047   0.03518   0.00000   0.00000   0.00000   0.04058   0.00000   0.00000   0.04103   0.01042   0.03492   0.00000   2.83638   0.19143   0.32408   0.31412   0.73700   1.23088  
 11 142.4408    222.210113  x:  0.00000   0.00000   0.00000   0.06109   0.02404   0.00000   0.05249   0.02782   0.03800   0.03454   0.00000   0.00000   0.00000   0.03026   0.00000   0.00000   0.02951   0.00000   0.03519   0.00000   2.83657   0.19376   0.32133   0.29295   0.73526   1.24120  
 12 18.5471    222.086935  x:  0.00000   0.00000   0.00000   0.05847   0.02284   0.00000   0.05502   0.02899   0.02560   0.03860   0.00000   0.00000   0.00000   0.02635   0.00000   0.00000   0.02624   0.00000   0.03129   0.00000   2.83668   0.19511   0.31997   0.28243   0.73395   1.24597  
 13 11.0092    221.882075  x:  0.00000   0.00000   0.00000   0.03892   0.02538   0.00000   0.06415   0.02964   0.03149   0.03668   0.00000   0.00000   0.00000   0.01957   0.00000   0.00000   0.02245   0.00000   0.02945   0.00000   2.83678   0.19645   0.31994   0.28220   0.73096   1.24372  
 14  3.1984    221.790312  x:  0.00000   0.00000   0.00000   0.02820   0.02788   0.00000   0.05904   0.02926   0.02947   0.03841   0.00000   0.00000   0.00000   0.02267   0.00000   0.00000   0.02561   0.00000   0.02797   0.00000   2.83681   0.19685   0.32033   0.28511   0.72954   1.24094  
 15 11.6913    221.536551  x:  0.00000   0.00000   0.00000   0.03362   0.03604   0.00000   0.05874   0.02703   0.02652   0.03497   0.00000   0.00000   0.00000   0.02201   0.00000   0.00000   0.02938   0.00000   0.02854   0.00000   2.83912   0.25794   0.28866   0.00000   0.61586   1.29337  
 16  0.6886    221.501101  x:  0.00000   0.00000   0.00000   0.03457   0.03800   0.00000   0.05578   0.03114   0.02599   0.03235   0.00000   0.00000   0.00000   0.02489   0.00000   0.00000   0.02544   0.00000   0.03019   0.00000   2.83961   0.30194   0.26320   0.00000   0.54138   1.33879  
 17  1.5565    221.327433  x:  0.00000   0.00000   0.00000   0.03617   0.03589   0.00000   0.05677   0.02029   0.02597   0.02917   0.00000   0.00000   0.00000   0.03155   0.00000   0.00000   0.02181   0.00000   0.03125   0.00000   2.83696   0.49639   0.12959   0.00000   0.21955   1.61701  
 18  1.4832    221.182955  x:  0.00000   0.00000   0.00000   0.03664   0.03454   0.00000   0.05746   0.02188   0.02542   0.02454   0.00000   0.00000   0.00000   0.03315   0.00000   0.00000   0.02403   0.00000   0.03218   0.00000   2.83108   0.59092   0.02654   0.00000   0.00000   1.87840  
 19  1.9861    221.182955  x:  0.00000   0.00000   0.00000   0.03664   0.03454   0.00000   0.05746   0.02188   0.02542   0.02454   0.00000   0.00000   0.00000   0.03315   0.00000   0.00000   0.02403   0.00000   0.03218   0.00000   2.83108   0.59092   0.02654   0.00000   0.00000   1.87840  
 20 153.8613    221.075668  x:  0.00000   0.00000   0.00000   0.03183   0.02900   0.00000   0.05688   0.02717   0.02697   0.02589   0.00000   0.00000   0.00000   0.02577   0.00000   0.00000   0.02629   0.00136   0.02730   0.00000   2.83107   0.59070   0.02641   0.00000   0.00007   1.87878  
 21 16.0036    221.065236  x:  0.00000   0.00000   0.00000   0.03102   0.02820   0.00000   0.05666   0.02677   0.02695   0.02545   0.00000   0.00000   0.00000   0.02511   0.00000   0.00000   0.02660   0.00000   0.02681   0.00000   2.83106   0.59062   0.02637   0.00000   0.00009   1.87891  
 22  8.5823    221.062713  x:  0.00000   0.00000   0.00000   0.02983   0.02730   0.00000   0.05611   0.02637   0.02664   0.02570   0.00000   0.00000   0.00000   0.02495   0.00000   0.00000   0.02546   0.00000   0.02652   0.00000   2.83104   0.59041   0.02625   0.00000   0.00014   1.87928  
 23  3.3142    221.061801  x:  0.00000   0.00000   0.00000   0.02961   0.02772   0.00000   0.05519   0.02608   0.02644   0.02553   0.00000   0.00000   0.00000   0.02558   0.00000   0.00000   0.02544   0.00000   0.02689   0.00000   2.83099   0.58985   0.02593   0.00000   0.00026   1.88028  
 24  0.7921    221.060886  x:  0.00000   0.00000   0.00000   0.03046   0.02776   0.00000   0.05485   0.02546   0.02649   0.02555   0.00000   0.00000   0.00000   0.02527   0.00000   0.00000   0.02504   0.00000   0.02695   0.00000   2.83087   0.58850   0.02516   0.00000   0.00053   1.88265  
 25  0.9889    221.041147  x:  0.00000   0.00000   0.00000   0.03252   0.02538   0.00000   0.05703   0.02559   0.02530   0.02500   0.00000   0.00000   0.00000   0.02832   0.00000   0.00000   0.02518   0.00000   0.02608   0.00000   2.82753   0.55204   0.00442   0.00000   0.00773   1.94710  
 26  2.8557    220.977894  x:  0.00000   0.00000   0.00000   0.02996   0.02914   0.00000   0.06082   0.02517   0.02708   0.02586   0.00000   0.00000   0.00000   0.02640   0.00000   0.00000   0.02521   0.00000   0.02844   0.00000   2.81657   0.43229  -0.06372   0.00000   0.03113   2.15893  
 27 72.0219    220.967465  x:  0.00000   0.00000   0.00000   0.03051   0.02856   0.00000   0.05655   0.02683   0.02692   0.02632   0.00000   0.00000   0.00000   0.02553   0.00000   0.00000   0.02612   0.00000   0.02739   0.00000   2.81483   0.41328  -0.07455   0.00000   0.03433   2.19299  
 28 22.3478    220.967242  x:  0.00000   0.00000   0.00000   0.03052   0.02836   0.00000   0.05644   0.02692   0.02740   0.02617   0.00000   0.00000   0.00000   0.02562   0.00000   0.00000   0.02605   0.00000   0.02754   0.00000   2.81480   0.41297  -0.07473   0.00000   0.03401   2.19386  
 29  0.9868    220.955301  x:  0.00000   0.00000   0.00000   0.03055   0.02756   0.00000   0.05651   0.02658   0.02720   0.02705   0.00000   0.00000   0.00000   0.02554   0.00000   0.00000   0.02668   0.00000   0.02873   0.00000   2.81448   0.40939  -0.07761   0.00000   0.00000   2.22991  
 30  0.6836    220.946518  x:  0.00000   0.00000   0.00000   0.03060   0.02758   0.00000   0.05708   0.02650   0.02700   0.02646   0.00000   0.00000   0.00000   0.02564   0.00000   0.00000   0.02632   0.00000   0.02856   0.00000   2.81295   0.39272  -0.09110   0.00000   0.00000   2.40264  
 31 36.1495    220.946373  x:  0.00000   0.00000   0.00000   0.03056   0.02763   0.00000   0.05708   0.02633   0.02719   0.02670   0.00000   0.00000   0.00000   0.02578   0.00000   0.00000   0.02642   0.00000   0.02831   0.00000   2.81294   0.39259  -0.09123   0.00000   0.00000   2.40526  
 32  3.1464    220.900568  x:  0.00000   0.00000   0.00000   0.03096   0.02984   0.00000   0.05763   0.02689   0.02727   0.02365   0.00000   0.00000   0.00000   0.02625   0.00000   0.00000   0.02505   0.00000   0.02480   0.00000   2.84442   0.70971   0.08751   0.00000   0.00000   2.79898  
 33  0.2439    220.875019  x:  0.00000   0.00000   0.00000   0.03098   0.02909   0.00000   0.05796   0.02671   0.02728   0.02529   0.00000   0.00000   0.00000   0.02563   0.00000   0.00000   0.02647   0.00000   0.02748   0.00000   2.86874   0.90486   0.23178   0.00000   0.00000   3.21930  
 34  0.3416    220.870375  x:  0.00000   0.00000   0.00000   0.03094   0.02824   0.00000   0.05766   0.02671   0.02716   0.02607   0.00000   0.00000   0.00000   0.02550   0.00000   0.00000   0.02646   0.00000   0.02821   0.00000   2.86769   0.85478   0.21521   0.00000   0.00000   3.29159  
 35  0.0801    220.870359  x:  0.00018   0.00000   0.00000   0.03094   0.02824   0.00000   0.05766   0.02671   0.02716   0.02608   0.00000   0.00000   0.00000   0.02550   0.00000   0.00000   0.02646   0.00000   0.02821   0.00000   2.86769   0.85457   0.21515   0.00000   0.00000   3.29204  
 36  0.4981    220.869071  x:  0.00028   0.00000   0.00000   0.03092   0.02849   0.00000   0.05806   0.02694   0.02725   0.02591   0.00000   0.00000   0.00000   0.02573   0.00000   0.00000   0.02617   0.00000   0.02797   0.00000   2.87370   0.89657   0.24282   0.00000   0.00000   3.45009  
 37  0.1164    220.869028  x:  0.00030   0.00000   0.00000   0.03091   0.02866   0.00000   0.05809   0.02701   0.02726   0.02593   0.00000   0.00000   0.00000   0.02572   0.00000   0.00000   0.02617   0.00000   0.02797   0.00000   2.87370   0.89071   0.23908   0.00000   0.00000   3.44900  
 38  0.0060    220.869025  x:  0.00032   0.00000   0.00000   0.03089   0.02869   0.00000   0.05809   0.02705   0.02728   0.02597   0.00000   0.00000   0.00000   0.02574   0.00000   0.00000   0.02617   0.00000   0.02799   0.00000   2.87432   0.89161   0.23967   0.00000   0.00000   3.45011  
 39  0.0009    220.869025  x:  0.00033   0.00000   0.00000   0.03089   0.02868   0.00000   0.05809   0.02705   0.02727   0.02597   0.00000   0.00000   0.00000   0.02574   0.00000   0.00000   0.02615   0.00000   0.02799   0.00000   2.87447   0.89119   0.23938   0.00000   0.00000   3.44875  
 40  0.0011    220.869025  x:  0.00033   0.00000   0.00000   0.03089   0.02868   0.00000   0.05809   0.02705   0.02727   0.02597   0.00000   0.00000   0.00000   0.02574   0.00000   0.00000   0.02615   0.00000   0.02799   0.00000   2.87463   0.89122   0.23939   0.00000   0.00000   3.44879  
 41  0.0001    220.869025  x:  0.00033   0.00000   0.00000   0.03089   0.02868   0.00000   0.05809   0.02705   0.02727   0.02597   0.00000   0.00000   0.00000   0.02574   0.00000   0.00000   0.02615   0.00000   0.02799   0.00000   2.87474   0.89121   0.23939   0.00000   0.00000   3.44880  
 42  0.0001    220.869025  x:  0.00033   0.00000   0.00000   0.03089   0.02868   0.00000   0.05809   0.02705   0.02727   0.02597   0.00000   0.00000   0.00000   0.02574   0.00000   0.00000   0.02615   0.00000   0.02799   0.00000   2.87474   0.89121   0.23939   0.00000   0.00000   3.44880  
 43  0.0000    220.869025  x:  0.00033   0.00000   0.00000   0.03089   0.02868   0.00000   0.05809   0.02705   0.02727   0.02597   0.00000   0.00000   0.00000   0.02574   0.00000   0.00000   0.02615   0.00000   0.02799   0.00000   2.87474   0.89121   0.23939   0.00000   0.00000   3.44879  
 44  0.0000    220.869025  x:  0.00033   0.00000   0.00000   0.03089   0.02868   0.00000   0.05809   0.02705   0.02727   0.02597   0.00000   0.00000   0.00000   0.02574   0.00000   0.00000   0.02615   0.00000   0.02799   0.00000   2.87474   0.89121   0.23939   0.00000   0.00000   3.44880  