Supplemental results for CODEML (seqf: alignment.phy  treef: aa.ph)


Model 0: one-ratio

Model 3: discrete

MLEs of dN/dS (w) for site classes (K=3)

p:   0.31455  0.58884  0.09661
w:   0.00000  1.10084  5.90667

Naive Empirical Bayes (NEB) probabilities for 3 classes & postmean_w & P(w>1)
(amino acids refer to 1st sequence: PITG_04966T0)

   1 M   0.44220 0.54036 0.01744 ( 2)  0.698  0.558
   2 R   0.36792 0.58429 0.04779 ( 2)  0.925  0.632
   3 L   0.38086 0.57911 0.04004 ( 2)  0.874  0.619
   4 L   0.36517 0.58507 0.04976 ( 2)  0.938  0.635
   5 T   0.35342 0.58812 0.05846 ( 2)  0.993  0.647
   6 S   0.39970 0.56954 0.03076 ( 2)  0.809  0.600
   7 G   0.34710 0.58925 0.06365 ( 2)  1.025  0.653
   8 C   0.37832 0.58038 0.04130 ( 2)  0.883  0.622
   9 Q   0.34038 0.59015 0.06947 ( 2)  1.060  0.660
  10 R   0.32773 0.59026 0.08201 ( 2)  1.134  0.672
  11 R   0.36834 0.58407 0.04759 ( 2)  0.924  0.632
  12 P   0.34115 0.59005 0.06880 ( 2)  1.056  0.659
  13 K   0.00000 0.79984 0.20016 ( 2)  2.063  1.000
  14 D   0.37547 0.58192 0.04261 ( 2)  0.892  0.625
  15 F   0.38082 0.57942 0.03976 ( 2)  0.873  0.619
  16 R   0.36834 0.58407 0.04759 ( 2)  0.924  0.632
  17 K   0.41905 0.55788 0.02307 ( 2)  0.750  0.581
  18 E   0.34868 0.58919 0.06213 ( 2)  1.016  0.651
  19 G   0.38052 0.57951 0.03996 ( 2)  0.874  0.619
  20 A   0.36957 0.58393 0.04650 ( 2)  0.917  0.630
  21 L   0.37049 0.58343 0.04608 ( 2)  0.914  0.630
  22 A   0.39095 0.57495 0.03410 ( 2)  0.834  0.609
  23 V   0.35023 0.58882 0.06095 ( 2)  1.008  0.650
  24 M   0.00000 0.98085 0.01915 ( 2)  1.193  1.000
  25 I   0.48258 0.50967 0.00775 ( 2)  0.607  0.517
  26 E   0.00000 0.96373 0.03627 ( 2)  1.275  1.000
  27 A   0.00000 0.08522 0.91478 ( 3)  5.497  1.000
  28 S   0.50460 0.49007 0.00533 ( 1)  0.571  0.495
  29 A   0.00000 0.50625 0.49375 ( 2)  3.474  1.000
  30 F   0.00000 0.88469 0.11530 ( 2)  1.655  1.000
  31 C   0.45852 0.53014 0.01134 ( 2)  0.651  0.541
  32 I   0.00000 0.92188 0.07812 ( 2)  1.476  1.000
  33 N   0.00000 0.92892 0.07107 ( 2)  1.442  1.000
  34 L   0.42379 0.55610 0.02011 ( 2)  0.731  0.576
  35 Q   0.00000 0.85929 0.14071 ( 2)  1.777  1.000
  36 T   0.52048 0.47548 0.00405 ( 1)  0.547  0.480
  37 R   0.00000 0.04377 0.95623 ( 3)  5.696  1.000
  38 L   0.42740 0.55371 0.01888 ( 2)  0.721  0.573
  39 R   0.00000 0.85171 0.14829 ( 2)  1.813  1.000
  40 P   0.00000 0.38541 0.61459 ( 3)  4.054  1.000
  41 E   0.00000 0.92094 0.07905 ( 2)  1.481  1.000
  42 M   0.58565 0.41298 0.00137 ( 1)  0.463  0.414
  43 H   0.43159 0.55098 0.01743 ( 2)  0.709  0.568
  44 F   0.45623 0.53206 0.01171 ( 2)  0.655  0.544
  45 C   0.45852 0.53014 0.01134 ( 2)  0.651  0.541
  46 V   0.44449 0.54124 0.01427 ( 2)  0.680  0.556
  47 W   0.47677 0.51485 0.00838 ( 2)  0.616  0.523
  48 K   0.53634 0.46064 0.00302 ( 1)  0.525  0.464
  49 M   0.58565 0.41298 0.00137 ( 1)  0.463  0.414
  50 R   0.34408 0.58977 0.06615 ( 2)  1.040  0.656
  51 R   0.34408 0.58977 0.06615 ( 2)  1.040  0.656
  52 R   0.54288 0.45419 0.00294 ( 1)  0.517  0.457
  53 A   0.43270 0.55011 0.01719 ( 2)  0.707  0.567
  54 S   0.42959 0.55221 0.01820 ( 2)  0.715  0.570
  55 F   0.45615 0.53201 0.01184 ( 2)  0.656  0.544
  56 T   0.52048 0.47548 0.00405 ( 1)  0.547  0.480
  57 R   0.54288 0.45419 0.00294 ( 1)  0.517  0.457
  58 F   0.45623 0.53206 0.01171 ( 2)  0.655  0.544
  59 I   0.48258 0.50967 0.00775 ( 2)  0.607  0.517
  60 S   0.00000 0.69090 0.30910 ( 2)  2.586  1.000
  61 V   0.39237 0.57480 0.03283 ( 2)  0.827  0.608
  62 N   0.00000 0.73316 0.26684 ( 2)  2.383  1.000
  63 A   0.00000 0.92341 0.07659 ( 2)  1.469  1.000
  64 S   0.00000 0.23472 0.76528 ( 3)  4.779  1.000
  65 K   0.53634 0.46064 0.00302 ( 1)  0.525  0.464
  66 G   0.38581 0.57783 0.03637 ( 2)  0.851  0.614
  67 S   0.00000 0.92891 0.07109 ( 2)  1.442  1.000
  68 Y   0.42970 0.55215 0.01815 ( 2)  0.715  0.570
  69 H   0.42526 0.55540 0.01935 ( 2)  0.726  0.575
  70 W   0.47677 0.51485 0.00838 ( 2)  0.616  0.523
  71 A   0.00000 0.77439 0.22561 ( 2)  2.185  1.000
  72 F   0.46351 0.52611 0.01037 ( 2)  0.640  0.536
  73 S   0.38492 0.57803 0.03705 ( 2)  0.855  0.615
  74 S   0.49609 0.49779 0.00613 ( 2)  0.584  0.504
  75 K   0.00000 0.84915 0.15085 ( 2)  1.826  1.000
  76 S   0.00000 0.93198 0.06802 ( 2)  1.428  1.000
  77 G   0.45565 0.53249 0.01186 ( 2)  0.656  0.544
  78 -   0.31455 0.58884 0.09661 ( 2)  1.219  0.685
  79 R   0.48247 0.50922 0.00830 ( 2)  0.610  0.518
  80 L   0.39785 0.56775 0.03440 ( 2)  0.828  0.602
  81 L   0.39443 0.57351 0.03206 ( 2)  0.821  0.606
  82 V   0.40537 0.56752 0.02710 ( 2)  0.785  0.595
  83 P   0.42065 0.55824 0.02111 ( 2)  0.739  0.579
  84 T   0.46597 0.52362 0.01041 ( 2)  0.638  0.534
  85 T   0.41793 0.55969 0.02238 ( 2)  0.748  0.582
  86 Y   0.00000 0.77505 0.22495 ( 2)  2.182  1.000
  87 S   0.35128 0.58875 0.05997 ( 2)  1.002  0.649
  88 S   0.39875 0.57135 0.02990 ( 2)  0.806  0.601
  89 C   0.42019 0.55835 0.02146 ( 2)  0.741  0.580
  90 I   0.44429 0.54084 0.01488 ( 2)  0.683  0.556
  91 A   0.36252 0.58635 0.05113 ( 2)  0.947  0.637
  92 R   0.33576 0.59035 0.07389 ( 2)  1.086  0.664
  93 V   0.00000 0.78846 0.21154 ( 2)  2.117  1.000
  94 R   0.00000 0.24936 0.75064 ( 3)  4.708  1.000
  95 -   0.31455 0.58884 0.09661 ( 2)  1.219  0.685

Positively selected sites

	Prob(w>1)  mean w

     1 M      0.558         0.698
     2 R      0.632         0.925
     3 L      0.619         0.874
     4 L      0.635         0.938
     5 T      0.647         0.993
     6 S      0.600         0.809
     7 G      0.653         1.025
     8 C      0.622         0.883
     9 Q      0.660         1.060
    10 R      0.672         1.134
    11 R      0.632         0.924
    12 P      0.659         1.056
    13 K      1.000**       2.063
    14 D      0.625         0.892
    15 F      0.619         0.873
    16 R      0.632         0.924
    17 K      0.581         0.750
    18 E      0.651         1.016
    19 G      0.619         0.874
    20 A      0.630         0.917
    21 L      0.630         0.914
    22 A      0.609         0.834
    23 V      0.650         1.008
    24 M      1.000**       1.193
    25 I      0.517         0.607
    26 E      1.000**       1.275
    27 A      1.000**       5.497
    29 A      1.000**       3.474
    30 F      1.000**       1.655
    31 C      0.541         0.651
    32 I      1.000**       1.476
    33 N      1.000**       1.442
    34 L      0.576         0.731
    35 Q      1.000**       1.777
    37 R      1.000**       5.696
    38 L      0.573         0.721
    39 R      1.000**       1.813
    40 P      1.000**       4.054
    41 E      1.000**       1.481
    43 H      0.568         0.709
    44 F      0.544         0.655
    45 C      0.541         0.651
    46 V      0.556         0.680
    47 W      0.523         0.616
    50 R      0.656         1.040
    51 R      0.656         1.040
    53 A      0.567         0.707
    54 S      0.570         0.715
    55 F      0.544         0.656
    58 F      0.544         0.655
    59 I      0.517         0.607
    60 S      1.000**       2.586
    61 V      0.608         0.827
    62 N      1.000**       2.383
    63 A      1.000**       1.469
    64 S      1.000**       4.779
    66 G      0.614         0.851
    67 S      1.000**       1.442
    68 Y      0.570         0.715
    69 H      0.575         0.726
    70 W      0.523         0.616
    71 A      1.000**       2.185
    72 F      0.536         0.640
    73 S      0.615         0.855
    74 S      0.504         0.584
    75 K      1.000**       1.826
    76 S      1.000**       1.428
    77 G      0.544         0.656
    78 -      0.685         1.219
    79 R      0.518         0.610
    80 L      0.602         0.828
    81 L      0.606         0.821
    82 V      0.595         0.785
    83 P      0.579         0.739
    84 T      0.534         0.638
    85 T      0.582         0.748
    86 Y      1.000**       2.182
    87 S      0.649         1.002
    88 S      0.601         0.806
    89 C      0.580         0.741
    90 I      0.556         0.683
    91 A      0.637         0.947
    92 R      0.664         1.086
    93 V      1.000**       2.117
    94 R      1.000**       4.708
    95 -      0.685         1.219


lnL =  -663.423852

