

Model 0: one-ratio

TREE # 1

  0  0.0000    709.221178  x:  0.07096   0.04416   0.03342   0.02442   0.03595   0.03573   0.02565   0.03102   0.03495   0.03077   0.03097   0.01288   0.01539   0.01893   0.02203   0.03831   0.02835   0.01997   0.00586   0.06732   0.09787   0.01682   0.10124   0.03806   0.11292   0.01163   0.05043   0.04090   0.00000   0.05979   0.01393   0.04847   0.03901   0.03399   4.00000   5.00000  
  1 99.0000    701.814797  x:  0.07087   0.04087   0.03076   0.02296   0.03016   0.02993   0.01984   0.02522   0.02920   0.02496   0.02516   0.00705   0.00955   0.01310   0.01620   0.03251   0.02624   0.01414   0.00000   0.06723   0.09740   0.01605   0.09961   0.03287   0.11181   0.01881   0.05588   0.03909   0.06572   0.05458   0.00908   0.04981   0.03192   0.02690   3.99997   4.99984  
  2 678.0158    693.820653  x:  0.07075   0.03711   0.02786   0.02149   0.02318   0.02294   0.01283   0.01823   0.02225   0.01794   0.01814   0.00000   0.00250   0.00606   0.00917   0.02551   0.02404   0.00710   0.00000   0.06710   0.09681   0.01007   0.09875   0.02641   0.11159   0.02397   0.05824   0.03688   0.06593   0.04764   0.00267   0.04793   0.02334   0.01832   3.99995   4.99964  
  3 293.5274    691.267893  x:  0.07071   0.03606   0.02721   0.02131   0.02070   0.02046   0.01034   0.01575   0.01979   0.01545   0.01565   0.00000   0.00000   0.00356   0.00667   0.02302   0.02366   0.00460   0.00000   0.06707   0.09671   0.00816   0.09858   0.02430   0.11164   0.02334   0.05846   0.03640   0.06613   0.04535   0.00040   0.04730   0.02029   0.01526   3.99994   4.99957  
  4 4079.8431    690.865746  x:  0.07071   0.03598   0.02722   0.02134   0.02027   0.02002   0.00991   0.01531   0.01936   0.01502   0.01522   0.00000   0.00000   0.00313   0.00624   0.02259   0.02370   0.00417   0.00000   0.06706   0.09673   0.00784   0.09860   0.02407   0.11170   0.02334   0.05842   0.03642   0.06616   0.04498   0.00000   0.04728   0.01975   0.01473   3.99993   4.99956  
  5 7660.3072    688.106469  x:  0.07068   0.03535   0.02727   0.02166   0.01716   0.01692   0.00680   0.01221   0.01628   0.01190   0.01211   0.00000   0.00000   0.00000   0.00312   0.01948   0.02400   0.00105   0.00000   0.06703   0.09682   0.00552   0.09876   0.02231   0.11211   0.02333   0.05812   0.03654   0.06640   0.04227   0.00000   0.04714   0.01590   0.01087   3.99991   4.99948  
  6 1046538.5290    687.232905  x:  0.07067   0.03516   0.02764   0.02102   0.01614   0.01589   0.00576   0.01118   0.01527   0.01086   0.01107   0.00000   0.00000   0.00000   0.00208   0.01845   0.02397   0.00000   0.00000   0.06702   0.09686   0.00464   0.09895   0.02127   0.11255   0.02338   0.05767   0.03704   0.06651   0.04114   0.00000   0.04698   0.01474   0.00971   3.99993   4.99944  
  7 1903.4332    685.672729  x:  0.07065   0.03559   0.02775   0.02168   0.01415   0.01383   0.00370   0.00918   0.01324   0.00881   0.00900   0.00000   0.00000   0.00000   0.00000   0.01638   0.02306   0.00000   0.00000   0.06700   0.09731   0.00277   0.09979   0.01937   0.11416   0.02338   0.05770   0.03781   0.06673   0.03909   0.00000   0.04641   0.01272   0.00769   4.00001   4.99936  
  8 1027.1111    683.740064  x:  0.07061   0.03607   0.02713   0.02157   0.01141   0.01098   0.00084   0.00642   0.01043   0.00594   0.00613   0.00000   0.00000   0.00000   0.00000   0.01351   0.02396   0.00000   0.00000   0.06697   0.09801   0.00000   0.10057   0.01758   0.11566   0.02332   0.05769   0.03746   0.06701   0.03687   0.00000   0.04606   0.01006   0.00504   4.00015   4.99923  
  9 1571.5782    683.225934  x:  0.07060   0.03596   0.02714   0.02163   0.01060   0.01014   0.00000   0.00561   0.00960   0.00510   0.00528   0.00000   0.00000   0.00000   0.00000   0.01267   0.02397   0.00000   0.00000   0.06696   0.09813   0.00000   0.10061   0.01724   0.11577   0.02331   0.05755   0.03740   0.06708   0.03633   0.00000   0.04607   0.00930   0.00428   4.00020   4.99920  
 10 3340.9752    680.611547  x:  0.07058   0.03539   0.02725   0.02192   0.00609   0.00545   0.00000   0.00107   0.00498   0.00039   0.00055   0.00000   0.00000   0.00000   0.00000   0.00794   0.02429   0.00000   0.00000   0.06693   0.09837   0.00000   0.10072   0.01540   0.11625   0.02317   0.05728   0.03762   0.06748   0.03338   0.00000   0.04589   0.00502   0.00000   4.00045   4.99899  
 11 39344.4209    680.424382  x:  0.07058   0.03538   0.02723   0.02194   0.00573   0.00506   0.00000   0.00070   0.00461   0.00000   0.00017   0.00000   0.00000   0.00000   0.00000   0.00756   0.02430   0.00000   0.00000   0.06694   0.09831   0.00000   0.10074   0.01527   0.11631   0.02317   0.05721   0.03762   0.06751   0.03315   0.00000   0.04585   0.00468   0.00000   4.00047   4.99897  
 12 11492.7728    680.355953  x:  0.07058   0.03537   0.02726   0.02195   0.00557   0.00490   0.00000   0.00054   0.00445   0.00000   0.00000   0.00000   0.00000   0.00000   0.00000   0.00739   0.02431   0.00000   0.00000   0.06694   0.09830   0.00000   0.10074   0.01521   0.11634   0.02316   0.05721   0.03760   0.06752   0.03307   0.00000   0.04586   0.00454   0.00000   4.00048   4.99897  
 13 2799.9144    680.154079  x:  0.07057   0.03530   0.02723   0.02198   0.00504   0.00435   0.00000   0.00000   0.00390   0.00000   0.00000   0.00000   0.00000   0.00000   0.00000   0.00683   0.02433   0.00000   0.00000   0.06693   0.09837   0.00000   0.10077   0.01504   0.11640   0.02314   0.05716   0.03765   0.06757   0.03283   0.00000   0.04585   0.00408   0.00000   4.00051   4.99894  
 14 7829.2895    678.959834  x:  0.07067   0.03529   0.02789   0.02217   0.00119   0.00039   0.00000   0.00000   0.00000   0.00000   0.00000   0.00000   0.00000   0.00000   0.00000   0.00284   0.02460   0.00000   0.00000   0.06703   0.09926   0.00000   0.10057   0.01432   0.11640   0.02319   0.05682   0.03740   0.06789   0.03086   0.00000   0.04425   0.00120   0.00000   4.00070   4.99880  
 15 1625.7514    678.869187  x:  0.07069   0.03530   0.02789   0.02218   0.00081   0.00000   0.00000   0.00000   0.00000   0.00000   0.00000   0.00000   0.00000   0.00000   0.00000   0.00245   0.02461   0.00000   0.00000   0.06704   0.09926   0.00000   0.10055   0.01424   0.11640   0.02318   0.05681   0.03741   0.06790   0.03067   0.00000   0.04427   0.00099   0.00000   4.00072   4.99879  
 16 678.7509    678.723065  x:  0.07066   0.03517   0.02790   0.02220   0.00000   0.00000   0.00000   0.00000   0.00000   0.00000   0.00000   0.00000   0.00000   0.00000   0.00000   0.00162   0.02463   0.00000   0.00000   0.06702   0.09925   0.00000   0.10061   0.01415   0.11648   0.02316   0.05680   0.03740   0.06793   0.03029   0.00000   0.04427   0.00053   0.00000   4.00075   4.99876  
 17 3859.6838    678.628255  x:  0.07063   0.03517   0.02791   0.02222   0.00000   0.00000   0.00000   0.00000   0.00000   0.00000   0.00000   0.00000   0.00000   0.00000   0.00000   0.00074   0.02465   0.00000   0.00000   0.06698   0.09927   0.00000   0.10059   0.01400   0.11651   0.02316   0.05677   0.03742   0.06796   0.03021   0.00000   0.04425   0.00000   0.00000   4.00077   4.99874  
 18 288.7370    678.579673  x:  0.07065   0.03515   0.02791   0.02223   0.00000   0.00000   0.00000   0.00000   0.00000   0.00000   0.00000   0.00000   0.00000   0.00000   0.00000   0.00000   0.02466   0.00000   0.00000   0.06701   0.09929   0.00000   0.10060   0.01389   0.11653   0.02316   0.05675   0.03743   0.06798   0.03013   0.00000   0.04423   0.00000   0.00000   4.00079   4.99872  
 19 5039.3080    677.420797  x:  0.06485   0.03674   0.02776   0.02240   0.00000   0.00000   0.00000   0.00000   0.00000   0.00000   0.00000   0.00000   0.00000   0.00000   0.00000   0.00000   0.02480   0.00000   0.00000   0.06121   0.10006   0.00000   0.09758   0.01922   0.11459   0.02058   0.05947   0.03674   0.06871   0.00000   0.00000   0.04816   0.00000   0.00000   4.00128   4.99580  
 20 25.2035    676.434355  x:  0.06912   0.03302   0.02837   0.02260   0.00000   0.00000   0.00000   0.00000   0.00000   0.00000   0.00000   0.00000   0.00000   0.00000   0.00000   0.00000   0.02535   0.00000   0.00000   0.06547   0.09580   0.00000   0.10806   0.00000   0.11321   0.02915   0.05198   0.03893   0.06525   0.00000   0.00000   0.03716   0.00000   0.00000   4.00034   4.99658  
 21  9.5990    676.279175  x:  0.07360   0.02764   0.02922   0.02288   0.00000   0.00000   0.00000   0.00000   0.00000   0.00000   0.00000   0.00000   0.00000   0.00000   0.00000   0.00000   0.02587   0.00000   0.00000   0.06996   0.09508   0.00000   0.09652   0.00000   0.12529   0.03264   0.04948   0.03956   0.06339   0.00000   0.00000   0.03413   0.00000   0.00000   3.99951   4.99400  
 22 12.0909    675.790715  x:  0.07231   0.01587   0.02811   0.02294   0.00000   0.00000   0.00000   0.00000   0.00000   0.00000   0.00000   0.00000   0.00000   0.00000   0.00000   0.00000   0.02742   0.00000   0.00000   0.06867   0.09500   0.00000   0.08409   0.00000   0.11236   0.03427   0.06140   0.03859   0.05435   0.00000   0.00000   0.04453   0.00000   0.00000   3.97315   4.86700  
 23  1.8083    673.819408  x:  0.06955   0.01188   0.01006   0.01473   0.00000   0.00000   0.00000   0.00000   0.00000   0.00000   0.00000   0.00000   0.00000   0.00000   0.00000   0.00000   0.01298   0.00000   0.00000   0.06590   0.10628   0.00000   0.09474   0.00000   0.11800   0.03674   0.06476   0.01811   0.04763   0.00000   0.00000   0.04265   0.00000   0.00000   3.77582   3.67718  
 24  2.4152    670.794588  x:  0.06855   0.01990   0.00345   0.00877   0.00000   0.00000   0.00000   0.00000   0.00000   0.00000   0.00000   0.00000   0.00000   0.00000   0.00000   0.00000   0.00887   0.00000   0.00000   0.06491   0.08170   0.00000   0.09866   0.00000   0.11888   0.03586   0.08436   0.01952   0.03701   0.00000   0.00000   0.03024   0.00000   0.00000   3.46195   1.52632  
 25  7.1049    670.431233  x:  0.06781   0.01969   0.00575   0.00830   0.00000   0.00000   0.00000   0.00000   0.00000   0.00000   0.00000   0.00000   0.00000   0.00000   0.00000   0.00000   0.00831   0.00000   0.00000   0.06420   0.07906   0.00000   0.10060   0.00000   0.12012   0.03577   0.08678   0.01806   0.03542   0.00000   0.00000   0.02914   0.00000   0.00000   3.41019   1.18744  
 26 20.7815    669.654391  x:  0.06621   0.01470   0.00674   0.01588   0.00000   0.00000   0.00000   0.00000   0.00000   0.00000   0.00000   0.00000   0.00000   0.00000   0.00000   0.00000   0.01847   0.00000   0.00000   0.06254   0.08962   0.00000   0.10652   0.00000   0.12167   0.03396   0.08454   0.02950   0.03565   0.00000   0.00000   0.02864   0.00000   0.00000   3.25503   1.07302  
 27  0.4489    669.188655  x:  0.06842   0.02405   0.01029   0.01899   0.00000   0.00000   0.00000   0.00000   0.00000   0.00000   0.00000   0.00000   0.00000   0.00000   0.00000   0.00000   0.02012   0.00000   0.00000   0.06475   0.09045   0.00000   0.09798   0.00000   0.11718   0.03379   0.08076   0.02952   0.03334   0.00000   0.00000   0.03692   0.00000   0.00000   3.17128   1.29267  
 28  1.4542    668.908286  x:  0.06740   0.01942   0.01167   0.01941   0.00000   0.00000   0.00000   0.00000   0.00000   0.00000   0.00000   0.00000   0.00000   0.00000   0.00000   0.00000   0.01681   0.00000   0.00000   0.06369   0.09388   0.00000   0.09196   0.00000   0.11484   0.02860   0.06622   0.03174   0.03913   0.00000   0.00000   0.04109   0.00000   0.00000   3.07671   1.21674  
 29  0.1816    668.851743  x:  0.06792   0.01719   0.01353   0.01833   0.00000   0.00000   0.00000   0.00000   0.00000   0.00000   0.00000   0.00000   0.00000   0.00000   0.00000   0.00000   0.01912   0.00000   0.00000   0.06422   0.08886   0.00000   0.09258   0.00000   0.11667   0.02774   0.06408   0.02970   0.03949   0.00000   0.00000   0.03731   0.00000   0.00000   3.08193   1.23048  
 30  0.0200    668.819707  x:  0.06941   0.01843   0.01420   0.01787   0.00000   0.00000   0.00000   0.00000   0.00000   0.00000   0.00000   0.00000   0.00000   0.00000   0.00000   0.00000   0.02005   0.00000   0.00000   0.06571   0.09174   0.00000   0.09181   0.00000   0.11646   0.02849   0.06283   0.02796   0.03751   0.00000   0.00000   0.03752   0.00000   0.00000   3.08805   1.16218  
 31  0.2384    668.800834  x:  0.07005   0.01779   0.01560   0.01735   0.00000   0.00000   0.00000   0.00000   0.00000   0.00000   0.00000   0.00000   0.00000   0.00000   0.00000   0.00000   0.01895   0.00000   0.00000   0.06636   0.09480   0.00000   0.09438   0.00000   0.11725   0.02891   0.06352   0.02960   0.03644   0.00000   0.00000   0.03649   0.00000   0.00000   3.10012   1.17252  
 32  0.0280    668.786052  x:  0.06976   0.01840   0.01679   0.01878   0.00000   0.00000   0.00000   0.00000   0.00000   0.00000   0.00000   0.00000   0.00000   0.00000   0.00000   0.00000   0.01792   0.00000   0.00000   0.06608   0.09136   0.00000   0.09495   0.00000   0.11712   0.02844   0.06479   0.02950   0.03571   0.00000   0.00000   0.03719   0.00000   0.00000   3.09811   1.15306  
 33  0.0297    668.779866  x:  0.06924   0.01871   0.01793   0.01839   0.00000   0.00000   0.00000   0.00000   0.00000   0.00000   0.00000   0.00000   0.00000   0.00000   0.00000   0.00000   0.01826   0.00000   0.00000   0.06556   0.09235   0.00000   0.09371   0.00000   0.11640   0.02757   0.06518   0.02912   0.03612   0.00000   0.00000   0.03777   0.00000   0.00000   3.09456   1.16544  
 34  0.0103    668.778944  x:  0.06910   0.01843   0.01823   0.01827   0.00000   0.00000   0.00000   0.00000   0.00000   0.00000   0.00000   0.00000   0.00000   0.00000   0.00000   0.00000   0.01830   0.00000   0.00000   0.06543   0.09210   0.00000   0.09378   0.00000   0.11657   0.02797   0.06479   0.02910   0.03597   0.00000   0.00000   0.03831   0.00000   0.00000   3.09659   1.16621  
 35  0.0033    668.778548  x:  0.06918   0.01844   0.01846   0.01837   0.00000   0.00000   0.00000   0.00000   0.00000   0.00000   0.00000   0.00000   0.00000   0.00000   0.00000   0.00000   0.01820   0.00000   0.00000   0.06551   0.09217   0.00000   0.09354   0.00000   0.11648   0.02828   0.06471   0.02907   0.03622   0.00000   0.00000   0.03786   0.00000   0.00000   3.09747   1.16550  
 36  0.0013    668.778466  x:  0.06914   0.01847   0.01849   0.01832   0.00000   0.00000   0.00000   0.00000   0.00000   0.00000   0.00000   0.00000   0.00000   0.00000   0.00000   0.00000   0.01826   0.00000   0.00000   0.06546   0.09216   0.00000   0.09366   0.00000   0.11662   0.02831   0.06483   0.02910   0.03641   0.00000   0.00000   0.03790   0.00000   0.00000   3.09628   1.16363  
 37  0.0023    668.778458  x:  0.06914   0.01845   0.01847   0.01834   0.00000   0.00000   0.00000   0.00000   0.00000   0.00000   0.00000   0.00000   0.00000   0.00000   0.00000   0.00000   0.01827   0.00000   0.00000   0.06547   0.09216   0.00000   0.09364   0.00000   0.11653   0.02832   0.06484   0.02911   0.03645   0.00000   0.00000   0.03792   0.00000   0.00000   3.09627   1.16380  
 38  0.0002    668.778458  x:  0.06915   0.01845   0.01846   0.01835   0.00000   0.00000   0.00000   0.00000   0.00000   0.00000   0.00000   0.00000   0.00000   0.00000   0.00000   0.00000   0.01827   0.00000   0.00000   0.06548   0.09217   0.00000   0.09364   0.00000   0.11654   0.02832   0.06484   0.02911   0.03645   0.00000   0.00000   0.03793   0.00000   0.00000   3.09616   1.16384  
 39  0.0001    668.778457  x:  0.06916   0.01845   0.01846   0.01835   0.00000   0.00000   0.00000   0.00000   0.00000   0.00000   0.00000   0.00000   0.00000   0.00000   0.00000   0.00000   0.01827   0.00000   0.00000   0.06548   0.09217   0.00000   0.09364   0.00000   0.11654   0.02832   0.06484   0.02911   0.03645   0.00000   0.00000   0.03793   0.00000   0.00000   3.09616   1.16381  
 40  0.0000    668.778457  x:  0.06916   0.01845   0.01847   0.01835   0.00000   0.00000   0.00000   0.00000   0.00000   0.00000   0.00000   0.00000   0.00000   0.00000   0.00000   0.00000   0.01827   0.00000   0.00000   0.06548   0.09217   0.00000   0.09364   0.00000   0.11654   0.02832   0.06484   0.02911   0.03645   0.00000   0.00000   0.03793   0.00000   0.00000   3.09617   1.16382  
 41  0.0000    668.778457  x:  0.06916   0.01845   0.01847   0.01835   0.00000   0.00000   0.00000   0.00000   0.00000   0.00000   0.00000   0.00000   0.00000   0.00000   0.00000   0.00000   0.01827   0.00000   0.00000   0.06548   0.09217   0.00000   0.09364   0.00000   0.11654   0.02832   0.06484   0.02911   0.03645   0.00000   0.00000   0.03793   0.00000   0.00000   3.09617   1.16382  
 42  0.0000    668.778457  x:  0.06916   0.01845   0.01847   0.01835   0.00000   0.00000   0.00000   0.00000   0.00000   0.00000   0.00000   0.00000   0.00000   0.00000   0.00000   0.00000   0.01827   0.00000   0.00000   0.06548   0.09217   0.00000   0.09364   0.00000   0.11654   0.02832   0.06484   0.02911   0.03645   0.00000   0.00000   0.03793   0.00000   0.00000   3.09617   1.16382  
 43  0.0000    668.778457  x:  0.06916   0.01845   0.01847   0.01835   0.00000   0.00000   0.00000   0.00000   0.00000   0.00000   0.00000   0.00000   0.00000   0.00000   0.00000   0.00000   0.01827   0.00000   0.00000   0.06548   0.09217   0.00000   0.09364   0.00000   0.11654   0.02832   0.06484   0.02911   0.03645   0.00000   0.00000   0.03793   0.00000   0.00000   3.09617   1.16382  

Model 3: discrete

TREE # 1

  0  0.0000    710.993348  x:  0.04784   0.05668   0.01254   0.06797   0.03803   0.06284   0.02834   0.03248   0.01463   0.01076   0.05176   0.06962   0.03231   0.01937   0.02083   0.04034   0.05106   0.06837   0.03984   0.03347   0.04391   0.01008   0.04651   0.02285   0.09829   0.06805   0.05519   0.06798   0.01925   0.02288   0.00000   0.08056   0.04547   0.04825   3.09617   0.60959   0.75029   0.58191   1.43862   2.35967  
  1 99.0000    710.992187  x:  0.04784   0.05668   0.01254   0.06797   0.03803   0.06283   0.02834   0.03247   0.01462   0.01076   0.05176   0.06962   0.03231   0.01936   0.02083   0.04034   0.05106   0.06837   0.03984   0.03347   0.04391   0.01008   0.04651   0.02285   0.09829   0.06805   0.05519   0.06798   0.01925   0.02288   0.00000   0.08056   0.04546   0.04825   3.09617   0.60959   0.75029   0.58191   1.43862   2.35967  
  2 257.3942    699.679245  x:  0.05118   0.05061   0.00970   0.06093   0.02738   0.05223   0.01766   0.02181   0.00405   0.00000   0.04114   0.05903   0.02160   0.00862   0.01009   0.02965   0.04518   0.05775   0.02915   0.03681   0.04679   0.00416   0.04964   0.01558   0.10059   0.06018   0.05782   0.06192   0.02113   0.01655   0.00000   0.07526   0.03201   0.03480   3.09615   0.60985   0.75002   0.58074   1.43854   2.36000  
  3 1293.1328    695.563512  x:  0.05292   0.04819   0.00722   0.05819   0.02333   0.04820   0.01360   0.01776   0.00000   0.00000   0.03711   0.05501   0.01753   0.00454   0.00600   0.02559   0.04284   0.05370   0.02508   0.03854   0.04821   0.00203   0.05093   0.01252   0.10144   0.05718   0.05919   0.05952   0.02179   0.01402   0.00000   0.07318   0.02689   0.02968   3.09614   0.60996   0.74989   0.58017   1.43852   2.36016  
  4 28512.0325    693.209604  x:  0.05585   0.04646   0.00762   0.05633   0.02106   0.04593   0.01132   0.01548   0.00000   0.00000   0.03484   0.05275   0.01524   0.00224   0.00371   0.02330   0.04098   0.05143   0.02280   0.04148   0.04842   0.00000   0.04957   0.00944   0.10165   0.05570   0.06174   0.05773   0.02173   0.01202   0.00000   0.07169   0.02392   0.02671   3.09612   0.61013   0.74964   0.57899   1.43862   2.36048  
  5 1205.3250    690.924787  x:  0.05861   0.04376   0.00741   0.05310   0.01888   0.04369   0.00910   0.01329   0.00000   0.00000   0.03267   0.05056   0.01300   0.00000   0.00147   0.02106   0.03740   0.04916   0.02060   0.04423   0.04325   0.00003   0.05149   0.01145   0.10295   0.05583   0.06505   0.05432   0.02795   0.01120   0.00000   0.06881   0.02028   0.02308   3.09597   0.61126   0.74788   0.57029   1.43967   2.36286  
  6 170.8340    690.712307  x:  0.05862   0.04354   0.00739   0.05278   0.01868   0.04347   0.00889   0.01308   0.00000   0.00000   0.03246   0.05035   0.01278   0.00000   0.00125   0.02084   0.03711   0.04895   0.02039   0.04424   0.04333   0.00000   0.05142   0.01162   0.10302   0.05593   0.06510   0.05401   0.02800   0.01092   0.00000   0.06853   0.01990   0.02270   3.09595   0.61141   0.74764   0.56914   1.43981   2.36317  
  7 282.3220    690.712307  x:  0.05862   0.04354   0.00739   0.05278   0.01868   0.04347   0.00889   0.01308   0.00000   0.00000   0.03246   0.05035   0.01278   0.00000   0.00125   0.02084   0.03711   0.04895   0.02039   0.04424   0.04333   0.00000   0.05142   0.01162   0.10302   0.05593   0.06510   0.05401   0.02800   0.01092   0.00000   0.06853   0.01990   0.02270   3.09595   0.61141   0.74764   0.56914   1.43981   2.36317  
  8 1321.3490    689.259026  x:  0.05910   0.04291   0.00916   0.05201   0.01744   0.04224   0.00765   0.01184   0.00000   0.00000   0.03123   0.04912   0.01154   0.00000   0.00000   0.01960   0.03651   0.04771   0.01914   0.04471   0.04518   0.00002   0.05310   0.01092   0.10331   0.05498   0.06524   0.05338   0.02813   0.01018   0.00000   0.06793   0.01834   0.02114   3.09595   0.61144   0.74762   0.56903   1.43980   2.36320  
  9 248.0716    689.202626  x:  0.05911   0.04288   0.00913   0.05198   0.01738   0.04218   0.00758   0.01178   0.00000   0.00000   0.03117   0.04906   0.01148   0.00000   0.00000   0.01954   0.03649   0.04765   0.01908   0.04473   0.04524   0.00000   0.05316   0.01089   0.10332   0.05494   0.06524   0.05335   0.02814   0.01015   0.00000   0.06790   0.01826   0.02106   3.09595   0.61144   0.74762   0.56902   1.43980   2.36320  
 10 1256.2027    683.012221  x:  0.06027   0.03959   0.00912   0.04780   0.00981   0.03466   0.00000   0.00421   0.00000   0.00000   0.02363   0.04154   0.00388   0.00000   0.00000   0.01195   0.03369   0.04011   0.01150   0.04589   0.04592   0.00000   0.05473   0.00783   0.10461   0.05029   0.06542   0.05025   0.02933   0.00650   0.00000   0.06491   0.00877   0.01157   3.09595   0.61157   0.74750   0.56860   1.43968   2.36333  
 11 2256.3583    679.870046  x:  0.06181   0.03727   0.00921   0.04511   0.00596   0.03083   0.00000   0.00036   0.00000   0.00000   0.01980   0.03772   0.00000   0.00000   0.00000   0.00808   0.03153   0.03627   0.00763   0.04743   0.04525   0.00000   0.05580   0.00455   0.10596   0.04640   0.06593   0.04799   0.03024   0.00399   0.00000   0.06281   0.00390   0.00670   3.09595   0.61167   0.74739   0.56813   1.43966   2.36345  
 12 4666.3755    679.577854  x:  0.06201   0.03691   0.00926   0.04467   0.00561   0.03047   0.00000   0.00000   0.00000   0.00000   0.01945   0.03737   0.00000   0.00000   0.00000   0.00773   0.03126   0.03591   0.00727   0.04763   0.04545   0.00000   0.05567   0.00480   0.10657   0.04611   0.06581   0.04770   0.03089   0.00380   0.00000   0.06231   0.00342   0.00622   3.09594   0.61171   0.74734   0.56789   1.43968   2.36352  
 13 314.3189    678.093800  x:  0.06179   0.03559   0.00972   0.04230   0.00363   0.02845   0.00000   0.00000   0.00000   0.00000   0.01753   0.03545   0.00000   0.00000   0.00000   0.00571   0.03092   0.03388   0.00524   0.04741   0.04588   0.00000   0.05616   0.00457   0.10892   0.04704   0.06479   0.04682   0.03058   0.00000   0.00000   0.05936   0.00058   0.00338   3.09590   0.61207   0.74681   0.56542   1.43992   2.36420  
 14 219.0825    677.824948  x:  0.06172   0.03544   0.00980   0.04195   0.00324   0.02805   0.00000   0.00000   0.00000   0.00000   0.01715   0.03506   0.00000   0.00000   0.00000   0.00530   0.03091   0.03347   0.00484   0.04734   0.04596   0.00000   0.05629   0.00443   0.10911   0.04716   0.06472   0.04673   0.03088   0.00000   0.00000   0.05900   0.00000   0.00281   3.09589   0.61215   0.74670   0.56490   1.43997   2.36434  
 15 1266.8022    676.746329  x:  0.06203   0.03502   0.01015   0.04110   0.00131   0.02609   0.00000   0.00000   0.00000   0.00000   0.01528   0.03318   0.00000   0.00000   0.00000   0.00333   0.03051   0.03149   0.00286   0.04765   0.04699   0.00000   0.05577   0.00333   0.10982   0.04762   0.06391   0.04653   0.03175   0.00000   0.00000   0.05760   0.00000   0.00000   3.09585   0.61252   0.74617   0.56246   1.44020   2.36502  
 16 1447.5308    676.166865  x:  0.06237   0.03483   0.01032   0.04093   0.00000   0.02475   0.00000   0.00000   0.00000   0.00000   0.01399   0.03189   0.00000   0.00000   0.00000   0.00199   0.03015   0.03014   0.00152   0.04799   0.04709   0.00000   0.05607   0.00294   0.11038   0.04796   0.06325   0.04647   0.03226   0.00000   0.00000   0.05675   0.00000   0.00000   3.09582   0.61276   0.74583   0.56091   1.44033   2.36545  
 17 1530.5212    675.592182  x:  0.06239   0.03451   0.01048   0.04065   0.00000   0.02325   0.00000   0.00000   0.00000   0.00000   0.01253   0.03043   0.00000   0.00000   0.00000   0.00049   0.02997   0.02862   0.00000   0.04801   0.04730   0.00000   0.05625   0.00226   0.11112   0.04823   0.06307   0.04630   0.03277   0.00000   0.00000   0.05577   0.00000   0.00000   3.09580   0.61302   0.74546   0.55927   1.44047   2.36591  
 18 1995.8921    675.434492  x:  0.06241   0.03440   0.01052   0.04041   0.00000   0.02277   0.00000   0.00000   0.00000   0.00000   0.01206   0.02996   0.00000   0.00000   0.00000   0.00000   0.02994   0.02814   0.00000   0.04803   0.04735   0.00000   0.05630   0.00206   0.11125   0.04830   0.06289   0.04623   0.03293   0.00000   0.00000   0.05553   0.00000   0.00000   3.09579   0.61309   0.74536   0.55879   1.44051   2.36604  
 19 2100.9236    673.089000  x:  0.06355   0.03357   0.01119   0.03745   0.00000   0.01367   0.00000   0.00000   0.00000   0.00000   0.00295   0.02084   0.00000   0.00000   0.00000   0.00000   0.02783   0.01897   0.00000   0.04916   0.04817   0.00000   0.05679   0.00000   0.11325   0.05056   0.06291   0.04624   0.03494   0.00000   0.00000   0.05127   0.00000   0.00000   3.09571   0.61430   0.74372   0.55156   1.44109   2.36808  
 20 1079.1340    672.356087  x:  0.06364   0.03320   0.01140   0.03726   0.00000   0.01075   0.00000   0.00000   0.00000   0.00000   0.00000   0.01789   0.00000   0.00000   0.00000   0.00000   0.02775   0.01602   0.00000   0.04926   0.04848   0.00000   0.05696   0.00000   0.11410   0.05039   0.06254   0.04593   0.03536   0.00000   0.00000   0.05028   0.00000   0.00000   3.09568   0.61466   0.74323   0.54941   1.44127   2.36868  
 21 1749.8045    670.164057  x:  0.06413   0.03082   0.01224   0.03506   0.00000   0.00000   0.00000   0.00000   0.00000   0.00000   0.00000   0.00703   0.00000   0.00000   0.00000   0.00000   0.02574   0.00520   0.00000   0.04975   0.04950   0.00000   0.05741   0.00000   0.11541   0.04807   0.06321   0.04369   0.03474   0.00000   0.00000   0.04983   0.00000   0.00000   3.09556   0.61597   0.74146   0.54156   1.44187   2.37089  
 22 924.4271    669.485068  x:  0.06494   0.03114   0.01249   0.03372   0.00000   0.00000   0.00000   0.00000   0.00000   0.00000   0.00000   0.00186   0.00000   0.00000   0.00000   0.00000   0.02689   0.00000   0.00000   0.05056   0.04978   0.00000   0.05757   0.00000   0.11595   0.04708   0.06368   0.04381   0.03456   0.00000   0.00000   0.04890   0.00000   0.00000   3.09550   0.61645   0.74084   0.53883   1.44203   2.37166  
 23 302.6804    669.356067  x:  0.06492   0.03111   0.01254   0.03354   0.00000   0.00000   0.00000   0.00000   0.00000   0.00000   0.00000   0.00000   0.00000   0.00000   0.00000   0.00000   0.02673   0.00000   0.00000   0.05053   0.04986   0.00000   0.05764   0.00000   0.11609   0.04699   0.06356   0.04378   0.03465   0.00000   0.00000   0.04867   0.00000   0.00000   3.09549   0.61658   0.74068   0.53814   1.44206   2.37186  
 24 242.4990    669.086320  x:  0.06849   0.01833   0.01389   0.03588   0.00000   0.00000   0.00000   0.00000   0.00000   0.00000   0.00000   0.00000   0.00000   0.00000   0.00000   0.00000   0.03059   0.00000   0.00000   0.05411   0.05077   0.00000   0.05833   0.00000   0.11112   0.05241   0.06372   0.03591   0.03712   0.00000   0.00000   0.04223   0.00000   0.00000   3.09516   0.62007   0.73703   0.52367   1.44124   2.37604  
 25 25.9159    669.003925  x:  0.06912   0.02292   0.01451   0.03728   0.00000   0.00000   0.00000   0.00000   0.00000   0.00000   0.00000   0.00000   0.00000   0.00000   0.00000   0.00000   0.03077   0.00000   0.00000   0.05473   0.05126   0.00000   0.05952   0.00000   0.10890   0.05318   0.06450   0.02849   0.03696   0.00000   0.00000   0.04176   0.00000   0.00000   3.09513   0.62374   0.73409   0.51388   1.43844   2.37897  
 26  7.1101    668.043741  x:  0.07224   0.02245   0.02461   0.05514   0.00000   0.00000   0.00000   0.00000   0.00000   0.00000   0.00000   0.00000   0.00000   0.00000   0.00000   0.00000   0.02977   0.00000   0.00000   0.05785   0.05921   0.00000   0.07983   0.00000   0.09264   0.04009   0.07362   0.03846   0.02672   0.00000   0.00000   0.05433   0.00000   0.00000   3.09476   0.68292   0.68754   0.36122   1.39162   2.42467  
 27 19.6481    667.737130  x:  0.07698   0.01996   0.02747   0.05092   0.00000   0.00000   0.00000   0.00000   0.00000   0.00000   0.00000   0.00000   0.00000   0.00000   0.00000   0.00000   0.03223   0.00000   0.00000   0.06259   0.06214   0.00000   0.08490   0.00000   0.11066   0.04562   0.07640   0.03538   0.02727   0.00000   0.00000   0.07379   0.00000   0.00000   3.09407   0.70881   0.66604   0.28788   1.37418   2.44626  
 28 32.0637    666.438788  x:  0.07785   0.01588   0.02571   0.04487   0.00000   0.00000   0.00000   0.00000   0.00000   0.00000   0.00000   0.00000   0.00000   0.00000   0.00000   0.00000   0.02659   0.00000   0.00000   0.06346   0.06407   0.00000   0.08231   0.00000   0.11679   0.02695   0.08712   0.02959   0.01817   0.00000   0.00000   0.07159   0.00000   0.00000   3.09126   0.80346   0.59072   0.04306   1.30601   2.51824  
 29 23.8082    666.217623  x:  0.07800   0.01517   0.02540   0.04377   0.00000   0.00000   0.00000   0.00000   0.00000   0.00000   0.00000   0.00000   0.00000   0.00000   0.00000   0.00000   0.02560   0.00000   0.00000   0.06361   0.06441   0.00000   0.08187   0.00557   0.11785   0.02369   0.08899   0.02858   0.01658   0.00000   0.00000   0.07120   0.00000   0.00000   3.09075   0.82013   0.57743   0.00000   1.29397   2.53098  
 30 627.5693    665.493342  x:  0.07683   0.01253   0.02200   0.01685   0.00000   0.00000   0.00000   0.00000   0.00000   0.00000   0.00000   0.00000   0.00000   0.00000   0.00000   0.00000   0.02112   0.00000   0.00000   0.06243   0.06448   0.00000   0.08326   0.00969   0.11114   0.01961   0.09360   0.02473   0.01333   0.00000   0.00000   0.07299   0.00000   0.00000   3.07735   0.83880   0.54590   0.03148   1.23549   2.61525  
 31  1.7827    665.170326  x:  0.07663   0.01276   0.01980   0.02023   0.00000   0.00000   0.00000   0.00000   0.00000   0.00000   0.00000   0.00000   0.00000   0.00000   0.00000   0.00000   0.01932   0.00000   0.00000   0.06223   0.06942   0.00000   0.08131   0.01251   0.11486   0.01068   0.09449   0.02379   0.01349   0.00000   0.00000   0.06725   0.00000   0.00000   3.05375   0.84508   0.51356   0.09218   1.18093   2.71778  
 32  1.7499    664.060600  x:  0.07618   0.02420   0.01227   0.01465   0.00000   0.00000   0.00000   0.00000   0.00000   0.00000   0.00000   0.00000   0.00000   0.00000   0.00000   0.00000   0.01984   0.00000   0.00000   0.06177   0.09218   0.00000   0.08796   0.00000   0.10497   0.02197   0.07546   0.03316   0.03704   0.00000   0.00000   0.04141   0.00000   0.00000   2.92661   0.92737   0.30829   0.20817   0.89169   3.25982  
 33  6.9020    664.060600  x:  0.07618   0.02420   0.01227   0.01465   0.00000   0.00000   0.00000   0.00000   0.00000   0.00000   0.00000   0.00000   0.00000   0.00000   0.00000   0.00000   0.01984   0.00000   0.00000   0.06177   0.09218   0.00000   0.08796   0.00000   0.10497   0.02197   0.07546   0.03316   0.03704   0.00000   0.00000   0.04141   0.00000   0.00000   2.92661   0.92737   0.30829   0.20817   0.89169   3.25982  
 34  0.8415    663.790666  x:  0.07580   0.01946   0.02031   0.01881   0.00000   0.00000   0.00000   0.00000   0.00000   0.00000   0.00000   0.00000   0.00000   0.00000   0.00000   0.00000   0.01754   0.00000   0.00000   0.06138   0.09239   0.00000   0.09061   0.00111   0.10884   0.02941   0.07244   0.03048   0.03489   0.00000   0.00000   0.03984   0.00000   0.00000   2.92659   0.92731   0.30827   0.20825   0.89170   3.25993  
 35 41.0398    663.758556  x:  0.07573   0.01876   0.02023   0.01879   0.00000   0.00000   0.00000   0.00000   0.00000   0.00000   0.00000   0.00000   0.00000   0.00000   0.00000   0.00000   0.01744   0.00000   0.00000   0.06131   0.09247   0.00000   0.09120   0.00000   0.10971   0.02960   0.07177   0.03008   0.03475   0.00000   0.00000   0.03946   0.00000   0.00000   2.92659   0.92729   0.30827   0.20827   0.89170   3.25997  
 36 21.7808    663.696710  x:  0.07512   0.01753   0.01932   0.01818   0.00000   0.00000   0.00000   0.00000   0.00000   0.00000   0.00000   0.00000   0.00000   0.00000   0.00000   0.00000   0.01749   0.00000   0.00000   0.06070   0.09288   0.00000   0.09511   0.00000   0.11677   0.03309   0.06591   0.03004   0.03684   0.00000   0.00000   0.03549   0.00000   0.00000   2.92655   0.92712   0.30822   0.20847   0.89171   3.26030  
 37 36.5770    663.687495  x:  0.07502   0.01867   0.01968   0.01873   0.00000   0.00000   0.00000   0.00000   0.00000   0.00000   0.00000   0.00000   0.00000   0.00000   0.00000   0.00000   0.01748   0.00000   0.00000   0.06060   0.09307   0.00000   0.09593   0.00000   0.11865   0.03107   0.06520   0.02999   0.03750   0.00000   0.00000   0.03558   0.00000   0.00000   2.92651   0.92698   0.30817   0.20862   0.89172   3.26058  
 38  4.4007    663.681854  x:  0.07503   0.01872   0.01851   0.01778   0.00000   0.00000   0.00000   0.00000   0.00000   0.00000   0.00000   0.00000   0.00000   0.00000   0.00000   0.00000   0.01791   0.00000   0.00000   0.06062   0.09325   0.00000   0.09609   0.00000   0.11981   0.03060   0.06598   0.03073   0.03763   0.00000   0.00000   0.03657   0.00000   0.00000   2.92645   0.92672   0.30809   0.20891   0.89174   3.26108  
 39  2.4788    663.681300  x:  0.07509   0.01882   0.01806   0.01798   0.00000   0.00000   0.00000   0.00000   0.00000   0.00000   0.00000   0.00000   0.00000   0.00000   0.00000   0.00000   0.01774   0.00000   0.00000   0.06067   0.09329   0.00000   0.09596   0.00000   0.11974   0.03057   0.06615   0.03063   0.03759   0.00000   0.00000   0.03620   0.00000   0.00000   2.92642   0.92657   0.30805   0.20906   0.89175   3.26134  
 40  1.2634    663.681001  x:  0.07514   0.01881   0.01810   0.01773   0.00000   0.00000   0.00000   0.00000   0.00000   0.00000   0.00000   0.00000   0.00000   0.00000   0.00000   0.00000   0.01788   0.00000   0.00000   0.06073   0.09331   0.00000   0.09580   0.00000   0.11952   0.03045   0.06611   0.03049   0.03762   0.00000   0.00000   0.03584   0.00000   0.00000   2.92636   0.92632   0.30797   0.20934   0.89178   3.26182  
 41  0.8993    663.680092  x:  0.07518   0.01851   0.01791   0.01776   0.00000   0.00000   0.00000   0.00000   0.00000   0.00000   0.00000   0.00000   0.00000   0.00000   0.00000   0.00000   0.01776   0.00000   0.00000   0.06077   0.09332   0.00000   0.09552   0.00000   0.11887   0.03028   0.06532   0.03059   0.03796   0.00000   0.00000   0.03598   0.00000   0.00000   2.92603   0.92493   0.30753   0.21078   0.89190   3.26444  
 42  1.1079    663.676431  x:  0.07493   0.01937   0.01761   0.01766   0.00000   0.00000   0.00000   0.00000   0.00000   0.00000   0.00000   0.00000   0.00000   0.00000   0.00000   0.00000   0.01811   0.00000   0.00000   0.06051   0.09319   0.00000   0.09593   0.00000   0.11839   0.03058   0.06455   0.03021   0.03705   0.00000   0.00000   0.03644   0.00000   0.00000   2.92452   0.91853   0.30545   0.21734   0.89239   3.27665  
 43  3.7274    663.663692  x:  0.07430   0.01895   0.01824   0.01761   0.00000   0.00000   0.00000   0.00000   0.00000   0.00000   0.00000   0.00000   0.00000   0.00000   0.00000   0.00000   0.01743   0.00000   0.00000   0.05988   0.09288   0.00000   0.09732   0.00000   0.11905   0.03033   0.06606   0.03147   0.03719   0.00000   0.00000   0.03592   0.00000   0.00000   2.91911   0.89562   0.29793   0.24046   0.89400   3.32071  
 44 20.8426    663.660279  x:  0.07467   0.01869   0.01823   0.01823   0.00000   0.00000   0.00000   0.00000   0.00000   0.00000   0.00000   0.00000   0.00000   0.00000   0.00000   0.00000   0.01832   0.00000   0.00000   0.06026   0.09314   0.00000   0.09705   0.00000   0.11973   0.03055   0.06664   0.03087   0.03796   0.00000   0.00000   0.03619   0.00000   0.00000   2.91767   0.88957   0.29585   0.24625   0.89429   3.33267  
 45 20.9208    663.658491  x:  0.07537   0.01887   0.01835   0.01793   0.00000   0.00000   0.00000   0.00000   0.00000   0.00000   0.00000   0.00000   0.00000   0.00000   0.00000   0.00000   0.01781   0.00000   0.00000   0.06095   0.09366   0.00000   0.09648   0.00000   0.12041   0.03075   0.06675   0.03038   0.03819   0.00000   0.00000   0.03651   0.00000   0.00000   2.91693   0.88650   0.29466   0.24877   0.89426   3.33915  
 46  9.6338    663.657219  x:  0.07608   0.01881   0.01846   0.01811   0.00000   0.00000   0.00000   0.00000   0.00000   0.00000   0.00000   0.00000   0.00000   0.00000   0.00000   0.00000   0.01798   0.00000   0.00000   0.06167   0.09426   0.00000   0.09606   0.00000   0.12088   0.03068   0.06657   0.03094   0.03762   0.00000   0.00000   0.03644   0.00000   0.00000   2.91641   0.88443   0.29365   0.24978   0.89394   3.34423  
 47  4.7417    663.641744  x:  0.07796   0.01894   0.01844   0.01812   0.00000   0.00000   0.00000   0.00000   0.00000   0.00000   0.00000   0.00000   0.00000   0.00000   0.00000   0.00000   0.01807   0.00000   0.00000   0.06355   0.09756   0.00000   0.10043   0.00000   0.11921   0.03093   0.06725   0.03101   0.03830   0.00000   0.00000   0.03661   0.00000   0.00000   2.91015   0.86129   0.27776   0.24604   0.88391   3.41601  
 48  3.0961    663.590814  x:  0.07541   0.01830   0.01832   0.01801   0.00000   0.00000   0.00000   0.00000   0.00000   0.00000   0.00000   0.00000   0.00000   0.00000   0.00000   0.00000   0.01786   0.00000   0.00000   0.06100   0.09578   0.00000   0.09766   0.00000   0.12177   0.03061   0.06711   0.03054   0.03721   0.00000   0.00000   0.03670   0.00000   0.00000   2.88987   0.78640   0.22533   0.23080   0.84982   3.65225  
 49 37.8727    663.590067  x:  0.07596   0.01829   0.01830   0.01800   0.00000   0.00000   0.00000   0.00000   0.00000   0.00000   0.00000   0.00000   0.00000   0.00000   0.00000   0.00000   0.01786   0.00000   0.00000   0.06155   0.09454   0.00000   0.09792   0.00000   0.12179   0.03059   0.06709   0.03055   0.03720   0.00000   0.00000   0.03670   0.00000   0.00000   2.88972   0.78559   0.22469   0.23071   0.84915   3.65575  
 50  2.4547    663.549683  x:  0.07601   0.01738   0.01825   0.01799   0.00000   0.00000   0.00000   0.00000   0.00000   0.00000   0.00000   0.00000   0.00000   0.00000   0.00000   0.00000   0.01772   0.00000   0.00000   0.06160   0.09476   0.00000   0.09865   0.00000   0.12251   0.03004   0.06714   0.02974   0.03617   0.00000   0.00000   0.03684   0.00000   0.00000   2.99244   0.94565   0.28447   0.34017   0.67174   3.94456  
 51  0.3148    663.536460  x:  0.07585   0.01771   0.01812   0.01790   0.00000   0.00000   0.00000   0.00000   0.00000   0.00000   0.00000   0.00000   0.00000   0.00000   0.00000   0.00000   0.01774   0.00000   0.00000   0.06144   0.09438   0.00000   0.09857   0.00000   0.12233   0.03027   0.06687   0.03000   0.03625   0.00000   0.00000   0.03671   0.00000   0.00000   2.92624   1.07167   0.31228   0.39002   0.71478   4.09550  
 52  0.1372    663.518812  x:  0.07619   0.01826   0.01829   0.01804   0.00000   0.00000   0.00000   0.00000   0.00000   0.00000   0.00000   0.00000   0.00000   0.00000   0.00000   0.00000   0.01790   0.00000   0.00000   0.06179   0.09451   0.00000   0.09851   0.00000   0.12176   0.03086   0.06700   0.03096   0.03715   0.00000   0.00000   0.03631   0.00000   0.00000   2.95224   1.26817   0.51773   0.39144   0.91511   4.77064  
 53  0.1202    663.485630  x:  0.07683   0.01866   0.01841   0.01813   0.00000   0.00000   0.00000   0.00000   0.00000   0.00000   0.00000   0.00000   0.00000   0.00000   0.00000   0.00000   0.01804   0.00000   0.00000   0.06243   0.09509   0.00000   0.09863   0.00000   0.12270   0.03147   0.06733   0.03153   0.03801   0.00000   0.00000   0.03610   0.00000   0.00000   2.97523   1.48587   0.82383   0.28895   1.36388   5.21448  
 54  0.3343    663.469669  x:  0.07717   0.01854   0.01845   0.01817   0.00000   0.00000   0.00000   0.00000   0.00000   0.00000   0.00000   0.00000   0.00000   0.00000   0.00000   0.00000   0.01805   0.00000   0.00000   0.06278   0.09557   0.00000   0.09916   0.00000   0.12382   0.03156   0.06771   0.03144   0.03798   0.00000   0.00000   0.03620   0.00000   0.00000   2.95122   1.75502   1.13682   0.27535   1.61982   5.63962  
 55  0.6459    663.465425  x:  0.07694   0.01830   0.01838   0.01812   0.00000   0.00000   0.00000   0.00000   0.00000   0.00000   0.00000   0.00000   0.00000   0.00000   0.00000   0.00000   0.01798   0.00000   0.00000   0.06254   0.09544   0.00000   0.09923   0.00000   0.12376   0.03128   0.06770   0.03111   0.03757   0.00000   0.00000   0.03633   0.00000   0.00000   2.93992   1.77576   1.13255   0.29788   1.56724   5.62055  
 56  0.1622    663.462932  x:  0.07623   0.01794   0.01825   0.01802   0.00000   0.00000   0.00000   0.00000   0.00000   0.00000   0.00000   0.00000   0.00000   0.00000   0.00000   0.00000   0.01784   0.00000   0.00000   0.06183   0.09492   0.00000   0.09908   0.00000   0.12287   0.03061   0.06760   0.03058   0.03679   0.00000   0.00000   0.03658   0.00000   0.00000   2.92114   1.81151   1.18065   0.28500   1.58206   5.66070  
 57  0.0546    663.460243  x:  0.07637   0.01761   0.01822   0.01801   0.00000   0.00000   0.00000   0.00000   0.00000   0.00000   0.00000   0.00000   0.00000   0.00000   0.00000   0.00000   0.01781   0.00000   0.00000   0.06197   0.09502   0.00000   0.09929   0.00000   0.12283   0.03036   0.06774   0.03030   0.03628   0.00000   0.00000   0.03678   0.00000   0.00000   2.94151   1.80087   1.31829   0.26182   1.56616   5.79519  
 58  0.0530    663.449770  x:  0.07693   0.01733   0.01821   0.01802   0.00000   0.00000   0.00000   0.00000   0.00000   0.00000   0.00000   0.00000   0.00000   0.00000   0.00000   0.00000   0.01781   0.00000   0.00000   0.06254   0.09552   0.00000   0.09992   0.00000   0.12329   0.03027   0.06794   0.03009   0.03584   0.00000   0.00000   0.03701   0.00000   0.00000   2.96237   1.59185   1.48886   0.19590   1.29916   5.83824  
 59  0.1474    663.444706  x:  0.07711   0.01752   0.01826   0.01807   0.00000   0.00000   0.00000   0.00000   0.00000   0.00000   0.00000   0.00000   0.00000   0.00000   0.00000   0.00000   0.01786   0.00000   0.00000   0.06271   0.09571   0.00000   0.10010   0.00000   0.12369   0.03045   0.06807   0.03028   0.03612   0.00000   0.00000   0.03698   0.00000   0.00000   2.94843   1.49646   1.67443   0.13784   1.19420   5.95994  
 60  0.4199    663.437785  x:  0.07708   0.01803   0.01835   0.01813   0.00000   0.00000   0.00000   0.00000   0.00000   0.00000   0.00000   0.00000   0.00000   0.00000   0.00000   0.00000   0.01795   0.00000   0.00000   0.06269   0.09570   0.00000   0.09993   0.00000   0.12401   0.03088   0.06809   0.03080   0.03696   0.00000   0.00000   0.03670   0.00000   0.00000   2.91957   1.48077   1.80762   0.09294   1.21437   6.09769  
 61  0.4121    663.430620  x:  0.07678   0.01866   0.01845   0.01819   0.00000   0.00000   0.00000   0.00000   0.00000   0.00000   0.00000   0.00000   0.00000   0.00000   0.00000   0.00000   0.01805   0.00000   0.00000   0.06238   0.09529   0.00000   0.09917   0.00000   0.12382   0.03134   0.06788   0.03140   0.03799   0.00000   0.00000   0.03625   0.00000   0.00000   2.89307   1.31653   1.77855   0.04080   1.14575   5.95309  
 62  0.3269    663.426897  x:  0.07669   0.01864   0.01844   0.01818   0.00000   0.00000   0.00000   0.00000   0.00000   0.00000   0.00000   0.00000   0.00000   0.00000   0.00000   0.00000   0.01804   0.00000   0.00000   0.06229   0.09518   0.00000   0.09902   0.00000   0.12361   0.03129   0.06785   0.03139   0.03795   0.00000   0.00000   0.03623   0.00000   0.00000   2.89973   1.23796   1.84316   0.00000   1.10531   5.96145  
 63  0.2824    663.426486  x:  0.07668   0.01861   0.01843   0.01817   0.00000   0.00000   0.00000   0.00000   0.00000   0.00000   0.00000   0.00000   0.00000   0.00000   0.00000   0.00000   0.01803   0.00000   0.00000   0.06228   0.09516   0.00000   0.09900   0.00000   0.12355   0.03126   0.06784   0.03137   0.03790   0.00000   0.00000   0.03624   0.00000   0.00000   2.90245   1.22178   1.85387   0.00000   1.10064   5.96204  
 64  0.3683    663.424336  x:  0.07662   0.01817   0.01834   0.01811   0.00000   0.00000   0.00000   0.00000   0.00000   0.00000   0.00000   0.00000   0.00000   0.00000   0.00000   0.00000   0.01795   0.00000   0.00000   0.06222   0.09508   0.00000   0.09907   0.00000   0.12308   0.03086   0.06780   0.03093   0.03716   0.00000   0.00000   0.03645   0.00000   0.00000   2.93207   1.22527   1.82707   0.00000   1.12208   5.93616  
 65  0.1002    663.423924  x:  0.07681   0.01804   0.01834   0.01811   0.00000   0.00000   0.00000   0.00000   0.00000   0.00000   0.00000   0.00000   0.00000   0.00000   0.00000   0.00000   0.01795   0.00000   0.00000   0.06241   0.09525   0.00000   0.09931   0.00000   0.12323   0.03077   0.06785   0.03078   0.03692   0.00000   0.00000   0.03657   0.00000   0.00000   2.92978   1.18837   1.81457   0.00000   1.10007   5.90912  
 66  0.0453    663.423853  x:  0.07683   0.01807   0.01836   0.01813   0.00000   0.00000   0.00000   0.00000   0.00000   0.00000   0.00000   0.00000   0.00000   0.00000   0.00000   0.00000   0.01796   0.00000   0.00000   0.06243   0.09529   0.00000   0.09938   0.00000   0.12339   0.03081   0.06789   0.03081   0.03698   0.00000   0.00000   0.03658   0.00000   0.00000   2.92496   1.18077   1.80729   0.00000   1.10085   5.90330  
 67  0.0094    663.423852  x:  0.07683   0.01807   0.01836   0.01813   0.00000   0.00000   0.00000   0.00000   0.00000   0.00000   0.00000   0.00000   0.00000   0.00000   0.00000   0.00000   0.01796   0.00000   0.00000   0.06243   0.09529   0.00000   0.09938   0.00000   0.12339   0.03081   0.06789   0.03082   0.03698   0.00000   0.00000   0.03658   0.00000   0.00000   2.92558   1.17960   1.80683   0.00000   1.10043   5.90407  
 68  0.0014    663.423852  x:  0.07683   0.01807   0.01835   0.01813   0.00000   0.00000   0.00000   0.00000   0.00000   0.00000   0.00000   0.00000   0.00000   0.00000   0.00000   0.00000   0.01796   0.00000   0.00000   0.06243   0.09529   0.00000   0.09938   0.00000   0.12339   0.03081   0.06789   0.03082   0.03698   0.00000   0.00000   0.03658   0.00000   0.00000   2.92546   1.18029   1.80736   0.00000   1.10076   5.90619  
 69  0.0010    663.423852  x:  0.07683   0.01807   0.01836   0.01813   0.00000   0.00000   0.00000   0.00000   0.00000   0.00000   0.00000   0.00000   0.00000   0.00000   0.00000   0.00000   0.01796   0.00000   0.00000   0.06243   0.09529   0.00000   0.09938   0.00000   0.12339   0.03081   0.06789   0.03082   0.03698   0.00000   0.00000   0.03658   0.00000   0.00000   2.92548   1.18047   1.80746   0.00000   1.10083   5.90666  
 70  0.0004    663.423852  x:  0.07683   0.01807   0.01836   0.01813   0.00000   0.00000   0.00000   0.00000   0.00000   0.00000   0.00000   0.00000   0.00000   0.00000   0.00000   0.00000   0.01796   0.00000   0.00000   0.06243   0.09529   0.00000   0.09938   0.00000   0.12339   0.03081   0.06789   0.03082   0.03698   0.00000   0.00000   0.03658   0.00000   0.00000   2.92548   1.18047   1.80746   0.00000   1.10084   5.90667  
 71  0.0000    663.423852  x:  0.07683   0.01807   0.01836   0.01813   0.00000   0.00000   0.00000   0.00000   0.00000   0.00000   0.00000   0.00000   0.00000   0.00000   0.00000   0.00000   0.01796   0.00000   0.00000   0.06243   0.09529   0.00000   0.09938   0.00000   0.12339   0.03081   0.06789   0.03082   0.03698   0.00000   0.00000   0.03658   0.00000   0.00000   2.92548   1.18047   1.80746   0.00000   1.10084   5.90667  
 72  0.0000    663.423852  x:  0.07683   0.01807   0.01836   0.01813   0.00000   0.00000   0.00000   0.00000   0.00000   0.00000   0.00000   0.00000   0.00000   0.00000   0.00000   0.00000   0.01796   0.00000   0.00000   0.06243   0.09529   0.00000   0.09938   0.00000   0.12339   0.03081   0.06789   0.03082   0.03698   0.00000   0.00000   0.03658   0.00000   0.00000   2.92548   1.18047   1.80746   0.00000   1.10084   5.90667  
 73  0.0000    663.423852  x:  0.07683   0.01807   0.01836   0.01813   0.00000   0.00000   0.00000   0.00000   0.00000   0.00000   0.00000   0.00000   0.00000   0.00000   0.00000   0.00000   0.01796   0.00000   0.00000   0.06243   0.09529   0.00000   0.09938   0.00000   0.12339   0.03081   0.06789   0.03082   0.03698   0.00000   0.00000   0.03658   0.00000   0.00000   2.92548   1.18047   1.80746   0.00000   1.10084   5.90667  
 74  0.0000    663.423852  x:  0.07683   0.01807   0.01836   0.01813   0.00000   0.00000   0.00000   0.00000   0.00000   0.00000   0.00000   0.00000   0.00000   0.00000   0.00000   0.00000   0.01796   0.00000   0.00000   0.06243   0.09529   0.00000   0.09938   0.00000   0.12339   0.03081   0.06789   0.03082   0.03698   0.00000   0.00000   0.03658   0.00000   0.00000   2.92548   1.18047   1.80746   0.00000   1.10084   5.90667  