Supplemental results for CODEML (seqf: alignment.phy  treef: aa.ph)


Model 0: one-ratio

Model 3: discrete

MLEs of dN/dS (w) for site classes (K=3)

p:   0.50541  0.09192  0.40267
w:   0.00000  2.40340  2.40341

Naive Empirical Bayes (NEB) probabilities for 3 classes & postmean_w & P(w>1)
(amino acids refer to 1st sequence: PITG_14736T0)

   1 M   0.67727 0.05998 0.26275 ( 1)  0.776  0.323
   2 R   0.59360 0.07553 0.33087 ( 1)  0.977  0.406
   3 L   0.57514 0.07896 0.34590 ( 1)  1.021  0.425
   4 S   0.63982 0.06694 0.29324 ( 1)  0.866  0.360
   5 C   0.63701 0.06746 0.29553 ( 1)  0.872  0.363
   6 V   0.00000 0.18585 0.81415 ( 3)  2.403  1.000
   7 Y   0.62537 0.06962 0.30500 ( 1)  0.900  0.375
   8 L   0.55716 0.08230 0.36054 ( 1)  1.064  0.443
   9 V   0.59215 0.07580 0.33205 ( 1)  0.980  0.408
  10 V   0.69173 0.05729 0.25098 ( 1)  0.741  0.308
  11 A   0.63696 0.06747 0.29557 ( 1)  0.873  0.363
  12 T   0.62935 0.06888 0.30177 ( 1)  0.891  0.371
  13 V   0.62073 0.07049 0.30878 ( 1)  0.912  0.379
  14 T   0.68198 0.05910 0.25892 ( 1)  0.764  0.318
  15 T   0.62935 0.06888 0.30177 ( 1)  0.891  0.371
  16 I   0.69843 0.05605 0.24553 ( 1)  0.725  0.302
  17 I   0.69843 0.05605 0.24553 ( 1)  0.725  0.302
  18 A   0.59136 0.07594 0.33270 ( 1)  0.982  0.409
  19 S   0.69796 0.05613 0.24591 ( 1)  0.726  0.302
  20 A   0.63696 0.06747 0.29557 ( 1)  0.873  0.363
  21 N   0.68263 0.05898 0.25839 ( 1)  0.763  0.317
  22 A   0.63696 0.06747 0.29557 ( 1)  0.873  0.363
  23 A   0.59136 0.07594 0.33270 ( 1)  0.982  0.409
  24 A   0.69140 0.05735 0.25125 ( 1)  0.742  0.309
  25 E   0.66747 0.06180 0.27073 ( 1)  0.799  0.333
  26 A   0.69140 0.05735 0.25125 ( 1)  0.742  0.309
  27 S   0.63982 0.06694 0.29324 ( 1)  0.866  0.360
  28 E   0.69063 0.05749 0.25187 ( 1)  0.744  0.309
  29 P   0.64134 0.06666 0.29200 ( 1)  0.862  0.359
  30 M   0.67727 0.05998 0.26275 ( 1)  0.776  0.323
  31 P   0.64134 0.06666 0.29200 ( 1)  0.862  0.359
  32 N   0.00000 0.18585 0.81415 ( 3)  2.403  1.000
  33 I   0.69843 0.05605 0.24553 ( 1)  0.725  0.302
  34 A   0.61985 0.07065 0.30950 ( 1)  0.914  0.380
  35 K   0.67955 0.05955 0.26090 ( 1)  0.770  0.320
  36 Y   0.62537 0.06962 0.30500 ( 1)  0.900  0.375
  37 A   0.00000 0.18585 0.81415 ( 3)  2.403  1.000
  38 S   0.56014 0.08175 0.35811 ( 1)  1.057  0.440
  39 P   0.56540 0.08077 0.35383 ( 1)  1.045  0.435
  40 E   0.66747 0.06180 0.27073 ( 1)  0.799  0.333
  41 V   0.00000 0.18585 0.81415 ( 3)  2.403  1.000
  42 S   0.55075 0.08349 0.36576 ( 1)  1.080  0.449
  43 V   0.66159 0.06289 0.27552 ( 1)  0.813  0.338
  44 H   0.69679 0.05635 0.24686 ( 1)  0.729  0.303
  45 L   0.60415 0.07357 0.32228 ( 1)  0.951  0.396
  46 G   0.64107 0.06671 0.29223 ( 1)  0.863  0.359
  47 A   0.63696 0.06747 0.29557 ( 1)  0.873  0.363
  48 E   0.69063 0.05749 0.25187 ( 1)  0.744  0.309
  49 R   0.63415 0.06799 0.29786 ( 1)  0.879  0.366
  50 E   0.69063 0.05749 0.25187 ( 1)  0.744  0.309
  51 K   0.67955 0.05955 0.26090 ( 1)  0.770  0.320
  52 R   0.63561 0.06772 0.29667 ( 1)  0.876  0.364
  53 L   0.00000 0.18585 0.81415 ( 3)  2.403  1.000
  54 L   0.58545 0.07704 0.33751 ( 1)  0.996  0.415
  55 R   0.63415 0.06799 0.29786 ( 1)  0.879  0.366
  56 F   0.66100 0.06300 0.27600 ( 1)  0.815  0.339
  57 D   0.00000 0.18585 0.81415 ( 3)  2.403  1.000
  58 S   0.69796 0.05613 0.24591 ( 1)  0.726  0.302
  59 N   0.73315 0.04959 0.21726 ( 1)  0.641  0.267
  60 D   0.68826 0.05793 0.25380 ( 1)  0.749  0.312
  61 Y   0.62537 0.06962 0.30500 ( 1)  0.900  0.375
  62 R   0.63415 0.06799 0.29786 ( 1)  0.879  0.366
  63 D   0.00000 0.18585 0.81415 ( 3)  2.403  1.000
  64 D   0.68850 0.05789 0.25361 ( 1)  0.749  0.312
  65 D   0.73598 0.04907 0.21496 ( 1)  0.635  0.264
  66 D   0.00000 0.18585 0.81415 ( 3)  2.403  1.000
  67 E   0.66747 0.06180 0.27073 ( 1)  0.799  0.333
  68 E   0.69063 0.05749 0.25187 ( 1)  0.744  0.309
  69 E   0.66747 0.06180 0.27073 ( 1)  0.799  0.333
  70 R   0.63561 0.06772 0.29667 ( 1)  0.876  0.364
  71 A   0.00000 0.18585 0.81415 ( 3)  2.403  1.000
  72 N   0.00000 0.18585 0.81415 ( 3)  2.403  1.000
  73 A   0.00000 0.18585 0.81415 ( 3)  2.403  1.000
  74 A   0.69140 0.05735 0.25125 ( 1)  0.742  0.309
  75 N   0.73315 0.04959 0.21726 ( 1)  0.641  0.267
  76 L   0.64851 0.06532 0.28617 ( 1)  0.845  0.351
  77 F   0.63342 0.06813 0.29845 ( 1)  0.881  0.367
  78 N   0.73315 0.04959 0.21726 ( 1)  0.641  0.267
  79 V   0.69173 0.05729 0.25098 ( 1)  0.741  0.308
  80 D   0.73598 0.04907 0.21496 ( 1)  0.635  0.264
  81 K   0.67955 0.05955 0.26090 ( 1)  0.770  0.320
  82 L   0.55716 0.08230 0.36054 ( 1)  1.064  0.443
  83 T   0.00000 0.18585 0.81415 ( 3)  2.403  1.000
  84 V   0.62073 0.07049 0.30878 ( 1)  0.912  0.379
  85 Y   0.62537 0.06962 0.30500 ( 1)  0.900  0.375
  86 V   0.59215 0.07580 0.33205 ( 1)  0.980  0.408
  87 N   0.73315 0.04959 0.21726 ( 1)  0.641  0.267
  88 K   0.65512 0.06409 0.28078 ( 1)  0.829  0.345
  89 A   0.66797 0.06171 0.27032 ( 1)  0.798  0.332
  90 Q   0.62490 0.06971 0.30539 ( 1)  0.902  0.375
  91 K   0.00000 0.18584 0.81416 ( 3)  2.403  1.000
  92 R   0.00000 0.18584 0.81415 ( 3)  2.403  1.000
  93 T   0.00000 0.18585 0.81415 ( 3)  2.403  1.000
  94 A   0.68935 0.05773 0.25292 ( 1)  0.747  0.311
  95 N   0.00000 0.18585 0.81415 ( 3)  2.403  1.000
  96 N   0.68263 0.05898 0.25839 ( 1)  0.763  0.317
  97 V   0.62073 0.07049 0.30878 ( 1)  0.912  0.379
  98 S   0.00000 0.18584 0.81416 ( 3)  2.403  1.000
  99 G   0.58974 0.07624 0.33401 ( 1)  0.986  0.410
 100 S   0.00000 0.18585 0.81415 ( 3)  2.403  1.000
 101 L   0.61565 0.07143 0.31292 ( 1)  0.924  0.384
 102 L   0.58545 0.07704 0.33751 ( 1)  0.996  0.415
 103 N   0.00000 0.18585 0.81415 ( 3)  2.403  1.000
 104 Y   0.00000 0.18585 0.81415 ( 3)  2.403  1.000
 105 F   0.61778 0.07103 0.31118 ( 1)  0.919  0.382
 106 K   0.00000 0.18585 0.81415 ( 3)  2.403  1.000
 107 R   0.60665 0.07310 0.32025 ( 1)  0.945  0.393
 108 L   0.58545 0.07704 0.33751 ( 1)  0.996  0.415
 109 E   0.00000 0.18584 0.81415 ( 3)  2.403  1.000
 110 A   0.61153 0.07220 0.31628 ( 1)  0.934  0.388
 111 Y   0.67699 0.06003 0.26298 ( 1)  0.776  0.323
 112 G   0.69794 0.05614 0.24593 ( 1)  0.726  0.302
 113 Y   0.00000 0.18584 0.81416 ( 3)  2.403  1.000
 114 S   0.00000 0.18584 0.81416 ( 3)  2.403  1.000
 115 P   0.59890 0.07454 0.32656 ( 1)  0.964  0.401
 116 V   0.69173 0.05729 0.25098 ( 1)  0.741  0.308
 117 K   0.65512 0.06409 0.28078 ( 1)  0.829  0.345
 118 L   0.64851 0.06532 0.28617 ( 1)  0.845  0.351
 119 G   0.00000 0.18585 0.81415 ( 3)  2.403  1.000
 120 N   0.00000 0.18585 0.81415 ( 3)  2.403  1.000
 121 R   0.00000 0.18584 0.81416 ( 3)  2.403  1.000
 122 I   0.64683 0.06564 0.28754 ( 1)  0.849  0.353
 123 P   0.59890 0.07454 0.32656 ( 1)  0.964  0.401
 124 D   0.00000 0.18585 0.81415 ( 3)  2.403  1.000
 125 E   0.00000 0.18585 0.81415 ( 3)  2.403  1.000
 126 E   0.69063 0.05749 0.25187 ( 1)  0.744  0.309
 127 Y   0.67699 0.06003 0.26298 ( 1)  0.776  0.323
 128 D   0.00000 0.18585 0.81415 ( 3)  2.403  1.000
 129 N   0.68263 0.05898 0.25839 ( 1)  0.763  0.317
 130 L   0.64851 0.06532 0.28617 ( 1)  0.845  0.351
 131 R   0.59360 0.07553 0.33087 ( 1)  0.977  0.406
 132 M   0.67727 0.05998 0.26275 ( 1)  0.776  0.323
 133 L   0.57514 0.07896 0.34590 ( 1)  1.021  0.425
 134 Y   0.67699 0.06003 0.26298 ( 1)  0.776  0.323
 135 R   0.06236 0.17426 0.76338 ( 3)  2.254  0.938
 136 S   0.69796 0.05613 0.24591 ( 1)  0.726  0.302
 137 W   0.57202 0.07954 0.34844 ( 1)  1.029  0.428
 138 Y   0.67699 0.06003 0.26298 ( 1)  0.776  0.323
 139 Y   0.67699 0.06003 0.26298 ( 1)  0.776  0.323
 140 -   0.50541 0.09192 0.40267 ( 1)  1.189  0.495
 141 N   0.53864 0.08574 0.37562 ( 1)  1.109  0.461
 142 K   0.52873 0.08758 0.38369 ( 1)  1.133  0.471
 143 -   0.50541 0.09192 0.40267 ( 1)  1.189  0.495

Positively selected sites

	Prob(w>1)  mean w

     6 V      1.000**       2.403
    32 N      1.000**       2.403
    37 A      1.000**       2.403
    41 V      1.000**       2.403
    53 L      1.000**       2.403
    57 D      1.000**       2.403
    63 D      1.000**       2.403
    66 D      1.000**       2.403
    71 A      1.000**       2.403
    72 N      1.000**       2.403
    73 A      1.000**       2.403
    83 T      1.000**       2.403
    91 K      1.000**       2.403
    92 R      1.000**       2.403
    93 T      1.000**       2.403
    95 N      1.000**       2.403
    98 S      1.000**       2.403
   100 S      1.000**       2.403
   103 N      1.000**       2.403
   104 Y      1.000**       2.403
   106 K      1.000**       2.403
   109 E      1.000**       2.403
   113 Y      1.000**       2.403
   114 S      1.000**       2.403
   119 G      1.000**       2.403
   120 N      1.000**       2.403
   121 R      1.000**       2.403
   124 D      1.000**       2.403
   125 E      1.000**       2.403
   128 D      1.000**       2.403
   135 R      0.938         2.254


lnL =  -786.495711

