

Model 0: one-ratio

TREE # 1

  0  0.0000    798.848387  x:  0.15497   0.16174   0.03452   0.00000   0.00888   0.00349   0.00068   0.00316   0.00470   0.00644   4.00000   5.00000  
  1 99.0000    798.847514  x:  0.15497   0.16174   0.03452   0.00000   0.00888   0.00349   0.00068   0.00316   0.00470   0.00644   4.00000   5.00000  
  2 299.8268    798.449730  x:  0.15502   0.16179   0.03442   0.00000   0.00934   0.00282   0.00000   0.00251   0.00409   0.00648   3.99999   4.99999  
  3 92116.9068    797.683703  x:  0.15524   0.16201   0.03402   0.00000   0.00949   0.00022   0.00000   0.00000   0.00358   0.00547   3.99996   4.99997  
  4 595.6705    797.653111  x:  0.15526   0.16203   0.03399   0.00000   0.00949   0.00000   0.00000   0.00000   0.00359   0.00547   3.99996   4.99997  
  5 839.4870    797.378634  x:  0.17017   0.17695   0.03395   0.00000   0.00616   0.00000   0.00000   0.00000   0.00000   0.00581   3.99703   4.99783  
  6  8.7074    797.283129  x:  0.17790   0.18469   0.03759   0.00000   0.00756   0.00000   0.00000   0.00000   0.00000   0.00566   3.99521   4.99639  
  7 16.3944    792.394772  x:  0.16268   0.16971   0.02193   0.00000   0.01208   0.00000   0.00000   0.00000   0.00000   0.00845   1.76936   3.13105  
  8  2.1376    788.992246  x:  0.15909   0.16623   0.02308   0.00000   0.01467   0.00000   0.00000   0.00000   0.00000   0.00928   1.43999   0.99615  
  9  3.4417    788.679900  x:  0.16106   0.16818   0.02493   0.00000   0.01481   0.00000   0.00000   0.00000   0.00000   0.00906   1.75010   0.90253  
 10  1.2543    788.572032  x:  0.16262   0.16973   0.02672   0.00000   0.01466   0.00000   0.00000   0.00000   0.00000   0.00875   1.86019   1.06815  
 11  1.3522    788.531646  x:  0.16589   0.17299   0.02968   0.00000   0.01459   0.00000   0.00000   0.00000   0.00000   0.00774   1.82246   1.03536  
 12  0.0717    788.527331  x:  0.16613   0.17322   0.02907   0.00000   0.01453   0.00000   0.00000   0.00000   0.00000   0.00717   1.83285   1.03494  
 13  0.0121    788.527182  x:  0.16579   0.17288   0.02894   0.00000   0.01448   0.00000   0.00000   0.00000   0.00000   0.00718   1.83412   1.03323  
 14  0.0017    788.527122  x:  0.16590   0.17298   0.02896   0.00000   0.01439   0.00000   0.00000   0.00000   0.00000   0.00719   1.83396   1.03203  
 15  0.0004    788.527118  x:  0.16587   0.17295   0.02897   0.00000   0.01437   0.00000   0.00000   0.00000   0.00000   0.00719   1.83406   1.03293  
 16  0.0007    788.527118  x:  0.16587   0.17295   0.02897   0.00000   0.01437   0.00000   0.00000   0.00000   0.00000   0.00719   1.83398   1.03299  
 17  0.0001    788.527118  x:  0.16587   0.17295   0.02897   0.00000   0.01437   0.00000   0.00000   0.00000   0.00000   0.00719   1.83394   1.03298  
 18  0.0000    788.527118  x:  0.16587   0.17295   0.02897   0.00000   0.01437   0.00000   0.00000   0.00000   0.00000   0.00719   1.83394   1.03298  
 19  0.0000    788.527118  x:  0.16587   0.17295   0.02897   0.00000   0.01437   0.00000   0.00000   0.00000   0.00000   0.00719   1.83394   1.03298  
 20  0.0000    788.527118  x:  0.16587   0.17295   0.02897   0.00000   0.01437   0.00000   0.00000   0.00000   0.00000   0.00719   1.83394   1.03298  
 21  0.0000    788.527118  x:  0.16587   0.17295   0.02897   0.00000   0.01437   0.00000   0.00000   0.00000   0.00000   0.00719   1.83394   1.03298  
check convergence!


Model 3: discrete

TREE # 1

  0  0.0000    789.599751  x:  0.14719   0.16783   0.03528   0.00000   0.01035   0.00243   0.00118   0.00063   0.00600   0.00624   1.83394   0.14874   0.29885   0.51649   1.25259   2.11294  
  1 99.0000    789.598820  x:  0.14719   0.16783   0.03528   0.00000   0.01035   0.00242   0.00118   0.00063   0.00600   0.00624   1.83394   0.14874   0.29885   0.51649   1.25259   2.11294  
  2 289.7270    789.275389  x:  0.14726   0.16789   0.03515   0.00000   0.01080   0.00177   0.00053   0.00000   0.00575   0.00610   1.83394   0.14874   0.29885   0.51648   1.25259   2.11294  
  3 1966.3588    789.130314  x:  0.14731   0.16795   0.03505   0.00000   0.01081   0.00125   0.00000   0.00000   0.00579   0.00609   1.83394   0.14874   0.29885   0.51648   1.25259   2.11294  
  4 735.5423    788.961793  x:  0.14743   0.16806   0.03485   0.00000   0.01082   0.00000   0.00000   0.00000   0.00589   0.00608   1.83394   0.14875   0.29884   0.51646   1.25258   2.11294  
  5 136603.3808    788.938624  x:  0.14807   0.16871   0.03514   0.00000   0.01020   0.00000   0.00000   0.00000   0.00526   0.00501   1.83394   0.14880   0.29882   0.51631   1.25253   2.11296  
  6 15.3971    788.597235  x:  0.16890   0.18953   0.04186   0.00000   0.01023   0.00000   0.00000   0.00000   0.00229   0.00596   1.83409   0.15037   0.29804   0.51139   1.25075   2.11374  
  7 26.8427    788.283864  x:  0.16883   0.18945   0.04149   0.00000   0.01001   0.00000   0.00000   0.00000   0.00000   0.00613   1.83425   0.15159   0.29742   0.50755   1.24939   2.11440  
  8  5.2519    786.923185  x:  0.16916   0.18960   0.03365   0.00000   0.01101   0.00000   0.00000   0.00000   0.00000   0.00839   1.89370   0.31283   0.21513   0.00000   1.08488   2.17471  
  9  2.2183    786.728667  x:  0.16978   0.19010   0.02720   0.00000   0.01234   0.00000   0.00000   0.00000   0.00000   0.00935   1.73860   0.37808   0.06256   0.00000   1.17141   2.42160  
 10  0.8149    786.609364  x:  0.17179   0.19214   0.02822   0.00000   0.01384   0.00000   0.00000   0.00000   0.00000   0.00773   1.85663   0.50090  -0.15439   0.00000   1.24191   2.71389  
 11  0.5337    786.573600  x:  0.17130   0.19166   0.02851   0.00000   0.01433   0.00000   0.00000   0.00000   0.00000   0.00724   1.91078   0.39899  -0.20448   0.00000   1.28442   2.82180  
 12  0.4038    786.561358  x:  0.17142   0.19180   0.02939   0.00000   0.01458   0.00000   0.00000   0.00000   0.00000   0.00697   1.83910   0.39975  -0.28827   0.00000   1.30950   2.85384  
 13  0.1300    786.540701  x:  0.17353   0.19386   0.02816   0.00000   0.01464   0.00000   0.00000   0.00000   0.00000   0.00768   1.83884   0.42317  -0.57100   0.00000   1.55711   2.82982  
 14  0.1389    786.511342  x:  0.17365   0.19403   0.02955   0.00000   0.01402   0.00000   0.00000   0.00000   0.00000   0.00720   1.87489   0.36969  -0.97191   0.00000   1.95013   2.56932  
 15  0.2030    786.502077  x:  0.17266   0.19305   0.02943   0.00000   0.01396   0.00000   0.00000   0.00000   0.00000   0.00702   1.86216   0.28655  -1.08070   0.00000   2.03389   2.49007  
 16  0.1546    786.497426  x:  0.17203   0.19241   0.02890   0.00000   0.01401   0.00000   0.00000   0.00000   0.00000   0.00713   1.84457   0.25798  -1.29066   0.00000   2.23698   2.39048  
 17  0.2671    786.496000  x:  0.17203   0.19240   0.02882   0.00000   0.01436   0.00000   0.00000   0.00000   0.00000   0.00716   1.84990   0.24174  -1.38722   0.00000   2.31912   2.41685  
 18  0.0816    786.495778  x:  0.17209   0.19247   0.02900   0.00000   0.01437   0.00000   0.00000   0.00000   0.00000   0.00715   1.85256   0.23104  -1.44716   0.00000   2.37518   2.39885  
 19  0.0683    786.495723  x:  0.17224   0.19262   0.02901   0.00000   0.01434   0.00000   0.00000   0.00000   0.00000   0.00716   1.85105   0.22702  -1.47161   0.00000   2.39672   2.40307  
 20  0.0127    786.495712  x:  0.17222   0.19260   0.02899   0.00000   0.01431   0.00000   0.00000   0.00000   0.00000   0.00715   1.85206   0.22707  -1.47766   0.00000   2.40359   2.40294  
 21  0.0068    786.495711  x:  0.17220   0.19258   0.02899   0.00000   0.01431   0.00000   0.00000   0.00000   0.00000   0.00715   1.85199   0.22728  -1.47717   0.00000   2.40334   2.40342  
 22  0.0006    786.495711  x:  0.17220   0.19258   0.02899   0.00000   0.01431   0.00000   0.00000   0.00000   0.00000   0.00715   1.85200   0.22726  -1.47723   0.00000   2.40340   2.40342  
 23  0.0001    786.495711  x:  0.17220   0.19258   0.02899   0.00000   0.01431   0.00000   0.00000   0.00000   0.00000   0.00715   1.85200   0.22726  -1.47724   0.00000   2.40340   2.40341  